0.14640595018863678 0.14883381128311157
0.14716331660747528 0.18544478714466095
0.14665590226650238 0.1362336277961731
0.14863471686840057 0.15603898465633392
0.14644448459148407 0.13899388909339905
0.1459627002477646 0.12909163534641266
0.14652332663536072 0.14117790758609772
0.14606891572475433 0.1374368518590927
0.1453302502632141 0.15072688460350037
0.14576083421707153 0.13525177538394928
0.16951031982898712 0.14539192616939545
0.15315143764019012 0.16318991780281067
0.14534279704093933 0.1596561074256897
0.14549143612384796 0.13487578928470612
0.14602738618850708 0.15247111022472382
0.1443033367395401 0.14781974256038666
0.14499422907829285 0.15416845679283142
0.14532683789730072 0.23107117414474487
0.14532236754894257 0.13994170725345612
0.14565634727478027 0.1334901601076126
0.14495329558849335 0.1381976157426834
0.14455653727054596 0.14112918078899384
0.14450174570083618 0.14410783350467682
0.15018625557422638 0.14231649041175842
0.14489251375198364 0.14045032858848572
0.1443585306406021 0.13827010989189148
0.1452522724866867 0.1528463363647461
0.1446543037891388 0.1553867906332016
0.14560402929782867 0.14633332192897797
0.14457303285598755 0.3054169714450836
0.14833056926727295 0.1815398931503296
0.1441667526960373 0.14896246790885925
0.14781638979911804 0.14236457645893097
0.14404693245887756 0.22624655067920685
0.15722179412841797 0.13383065164089203
0.1438743621110916 0.13683266937732697
0.1439497172832489 0.14053881168365479
0.14406494796276093 0.19772399961948395
0.15796227753162384 0.14571484923362732
0.14419659972190857 0.1458691507577896
0.1442907154560089 0.13338571786880493
0.14453665912151337 0.14408259093761444
0.1442592740058899 0.16185450553894043
0.1427878588438034 0.13820484280586243
0.14313434064388275 0.1383882462978363
0.14257656037807465 0.1401827037334442
0.14404742419719696 0.17432884871959686
0.14378906786441803 0.14590318500995636
0.14293910562992096 0.16735686361789703
0.14273445308208466 0.1385466605424881
0.14256572723388672 0.14340004324913025
0.1447724550962448 0.14014314115047455
0.14308787882328033 0.15695534646511078
0.14462889730930328 0.13094381988048553
0.14228978753089905 0.13368180394172668
0.14197121560573578 0.20121602714061737
0.14215853810310364 0.13560828566551208
0.14249904453754425 0.13489827513694763
0.1422823667526245 0.19867539405822754
0.14245516061782837 0.13496385514736176
0.14261837303638458 0.15484149754047394
0.14289893209934235 0.18070746958255768
0.14224547147750854 0.13725882768630981
0.14226427674293518 0.1570715308189392
0.142125204205513 0.1767130345106125
0.14160536229610443 0.16914518177509308
0.14277797937393188 0.12955111265182495
0.14198221266269684 0.14330027997493744
0.14158441126346588 0.14321984350681305
0.14133694767951965 0.1350816786289215
0.14187639951705933 0.15051472187042236
0.14147599041461945 0.13773156702518463
0.1410411149263382 0.1413649022579193
0.1410965472459793 0.1874801069498062
0.14146147668361664 0.1699129194021225
0.1410454511642456 0.13381676375865936
0.1415758579969406 0.16654454171657562
0.140986368060112 0.21026107668876648
0.14151930809020996 0.14039982855319977
0.14177905023097992 0.13894715905189514
0.1410522162914276 0.19632792472839355
0.14168137311935425 0.14028099179267883
0.14098148047924042 0.1358790248632431
0.14053958654403687 0.16989098489284515
0.1419486701488495 0.13459034264087677
0.16938814520835876 0.13513845205307007
0.14185240864753723 0.15486188232898712
0.14127974212169647 0.17661356925964355
0.14065483212471008 0.1347075253725052
0.14208537340164185 0.13789033889770508
0.1409064084291458 0.14057020843029022
0.14010021090507507 0.14906346797943115
0.1402721107006073 0.19627442955970764
0.1409107893705368 0.1563047170639038
0.1410427838563919 0.16973428428173065
0.14081348478794098 0.13007962703704834
0.14070391654968262 0.14920873939990997
0.14089138805866241 0.1306394636631012
0.14047932624816895 0.14931778609752655
0.14020851254463196 0.13466884195804596
0.14085660874843597 0.13818204402923584
0.14083704352378845 0.14442987740039825
0.14099715650081635 0.139587864279747
0.1403566598892212 0.1411648839712143
0.14035068452358246 0.13047674298286438
0.14009980857372284 0.20216818153858185
0.13963669538497925 0.14116837084293365
0.1404424011707306 0.13156823813915253
0.1396273672580719 0.13738641142845154
0.13980157673358917 0.14265917241573334
0.14044606685638428 0.13009290397167206
0.13989846408367157 0.14190612733364105
0.14025042951107025 0.140492245554924
0.14057070016860962 0.18532346189022064
0.13957063853740692 0.15975536406040192
0.13921135663986206 0.16243447363376617
0.14022809267044067 0.1535162329673767
0.13898710906505585 0.13406415283679962
0.14019836485385895 0.1369626671075821
0.14102138578891754 0.22404247522354126
0.1403360515832901 0.1359892189502716
0.14047084748744965 0.15067631006240845
0.13982275128364563 0.16789355874061584
0.13861174881458282 0.15165020525455475
0.14009657502174377 0.17357595264911652
0.1420428603887558 0.13118602335453033
0.14648973941802979 0.18560662865638733
0.14020289480686188 0.13256031274795532
0.14033544063568115 0.13567376136779785
0.14029854536056519 0.14818128943443298
0.1397307962179184 0.140083447098732
0.13984715938568115 0.14995206892490387
0.1401846706867218 0.12759676575660706
0.13829027116298676 0.14818234741687775
0.13875676691532135 0.14453329145908356
0.13863705098628998 0.13773374259471893
0.13915404677391052 0.13064470887184143
0.13929897546768188 0.13581877946853638
0.1390681266784668 0.1363319456577301
0.13883627951145172 0.14083866775035858
0.13951997458934784 0.12618528306484222
0.1385543942451477 0.134853795170784
0.14025914669036865 0.1403501331806183
0.14264175295829773 0.14355286955833435
0.13911248743534088 0.14730437099933624
0.13927289843559265 0.14319917559623718
0.13891740143299103 0.1350659430027008
0.13885822892189026 0.14416851103305817
0.13993939757347107 0.2061387300491333
0.1378009170293808 0.14628301560878754
0.13974934816360474 0.15181651711463928
0.13985894620418549 0.15201839804649353
0.13983142375946045 0.13411657512187958
0.13945703208446503 0.13681481778621674
0.13951395452022552 0.14292170107364655
0.18147630989551544 0.1611029952764511
0.1395025998353958 0.2621268928050995
0.13924802839756012 0.18117022514343262
0.13938060402870178 0.16651952266693115
0.13861706852912903 0.1436474472284317
0.13929682970046997 0.12625783681869507
0.13802264630794525 0.15139240026474
0.13774409890174866 0.13632725179195404
0.13852006196975708 0.1343970000743866
0.1378871649503708 0.14529897272586823
0.13844478130340576 0.15854798257350922
0.13761378824710846 0.19187361001968384
0.13737241923809052 0.14377568662166595
0.13774307072162628 0.1675894558429718
0.13809624314308167 0.1377604901790619
0.13751253485679626 0.14623767137527466
0.13885198533535004 0.14135544002056122
0.14238294959068298 0.15057051181793213
0.13788510859012604 0.15028423070907593
0.16149988770484924 0.18198265135288239
0.13983239233493805 0.19935216009616852
0.1382371336221695 0.13920634984970093
0.13720399141311646 0.14169636368751526
0.15786336362361908 0.21044981479644775
0.13814713060855865 0.1443244069814682
0.1375390738248825 0.19395989179611206
0.13736410439014435 0.14471662044525146
0.13817346096038818 0.1447315812110901
0.13963110744953156 0.148062065243721
0.13878445327281952 0.18120291829109192
0.13829220831394196 0.13400352001190186
0.1361284852027893 0.1314748376607895
0.13707783818244934 0.17465123534202576
0.1377953439950943 0.15466652810573578
0.13681191205978394 0.14207139611244202
0.137409046292305 0.14766594767570496
0.1372431516647339 0.14594440162181854
0.13888396322727203 0.24847015738487244
0.13743333518505096 0.17353349924087524
0.13609547913074493 0.13594727218151093
0.22549006342887878 0.14634276926517487
0.136301651597023 0.13876183331012726
0.1371915489435196 0.1484263390302658
0.13603773713111877 0.13505606353282928
0.13631920516490936 0.13669726252555847
0.13600628077983856 0.14765693247318268
0.13533702492713928 0.15486007928848267
0.1367262452840805 0.13726018369197845
0.13719260692596436 0.14647479355335236
0.1360238790512085 0.1445426344871521
0.13583068549633026 0.24696803092956543
0.13565808534622192 0.15912285447120667
0.1360965222120285 0.13130755722522736
0.13604721426963806 0.14958077669143677
0.1362966001033783 0.164870023727417
0.1369810700416565 0.15981677174568176
0.1362726241350174 0.13228103518486023
0.13592462241649628 0.14480721950531006
0.13591864705085754 0.14190587401390076
0.13604459166526794 0.17748747766017914
0.1369185894727707 0.13938811421394348
0.13598403334617615 0.15822084248065948
0.13614898920059204 0.16301827132701874
