16399.017578125 2.7775719165802
1.8025118112564087 1.5561814308166504
1.4701220989227295 1.3387224674224854
1.3236943483352661 1.2599897384643555
1.3001810312271118 1.2872649431228638
1.2991588115692139 1.2517249584197998
1.3024624586105347 1.2545111179351807
1.3018808364868164 1.3745646476745605
1.3026453256607056 1.2972688674926758
1.2993834018707275 1.2935446500778198
1.2973225116729736 1.2985013723373413
1.2972958087921143 1.4752833843231201
1.3003557920455933 1.2821996212005615
1.3000307083129883 1.2519807815551758
1.300436019897461 1.4762896299362183
1.3008947372436523 1.4101606607437134
1.2994966506958008 1.3619396686553955
1.2980341911315918 1.9544546604156494
1.299681544303894 1.3622679710388184
1.299829125404358 1.2531490325927734
