2.0323286056518555 3.094794988632202
1.195331335067749 1205.5477294921875
1.115548849105835 0.9927243590354919
1.059052586555481 1.0117486715316772
1.055885910987854 1.0016937255859375
1.0813074111938477 1.0927956104278564
1.0507659912109375 1.0275020599365234
1.0526902675628662 1.0796672105789185
1.0596667528152466 1.092046856880188
1.0461560487747192 1.1453149318695068
1.0732178688049316 1.0288125276565552
1.0452344417572021 0.9894285202026367
1.957540512084961 173.83084106445312
1.1021699905395508 72.35609436035156
1.0847032070159912 262.2229919433594
1.9850096702575684 2.9071342945098877
1.054660439491272 1.016209363937378
1.1071910858154297 137.4528350830078
1.0604686737060547 1.1498494148254395
1.0504578351974487 1.0018877983093262
1.044363260269165 0.9976471662521362
1.0414011478424072 1.1435097455978394
1.11782968044281 10.809316635131836
1.0636526346206665 1.1821821928024292
1.0360188484191895 1.0715702772140503
1.0474478006362915 1.0947600603103638
2.2908008098602295 1.0386691093444824
1.0650079250335693 1.037831425666809
1.056565284729004 1.088457703590393
1.0676349401474 0.9935020208358765
1.0854356288909912 0.9944812059402466
1.049636721611023 5.330897808074951
