1.5960079431533813 0.9636369347572327
0.9373170137405396 0.7093430161476135
0.8064402341842651 0.5600688457489014
0.6437603831291199 0.5866098403930664
0.5599841475486755 0.4393264353275299
0.4837682247161865 0.34526023268699646
69.1377182006836 0.40236425399780273
0.4389570951461792 0.36732083559036255
0.40892815589904785 0.3910207450389862
9.037497520446777 0.35751888155937195
0.3918943703174591 0.3161722421646118
31.473804473876953 0.306691974401474
0.3713354766368866 0.3271379768848419
0.3549962043762207 0.329883873462677
4.110398769378662 0.3714682459831238
0.3318420350551605 0.2650415897369385
0.3917323648929596 0.2538487911224365
0.7231854200363159 0.2697119116783142
0.3201378881931305 0.25678786635398865
0.311924010515213 0.31924349069595337
0.30594244599342346 0.25807130336761475
0.2968418300151825 0.23479513823986053
0.32500678300857544 0.29607507586479187
0.29183176159858704 0.2587308883666992
0.2858693301677704 0.22558730840682983
0.2806149423122406 0.2782791256904602
0.2760327160358429 0.30866554379463196
0.2750672996044159 0.22458264231681824
0.26854175329208374 0.2223109006881714
0.2700372338294983 0.2889588177204132
0.26668107509613037 0.2320225089788437
0.2612417936325073 0.21765267848968506
0.26247838139533997 0.2144761085510254
0.32804712653160095 0.2585253119468689
0.26242414116859436 0.2413933426141739
0.2529227137565613 0.27078285813331604
0.27298253774642944 0.21322517096996307
0.25218743085861206 0.2865709066390991
0.2569468915462494 0.22161084413528442
0.24402958154678345 0.21091493964195251
0.2451338768005371 0.21244503557682037
0.2405502200126648 0.21632958948612213
0.23830808699131012 0.1987595558166504
0.24047212302684784 0.20567765831947327
0.237738698720932 0.22003749012947083
0.23957031965255737 0.20155997574329376
0.2413819581270218 0.19229945540428162
0.2316889762878418 0.2822776436805725
0.23140686750411987 0.2083802968263626
0.2311982810497284 0.1846015602350235
0.22815251350402832 0.24972817301750183
0.22669266164302826 0.221832275390625
0.22738543152809143 0.18918682634830475
0.22386698424816132 0.21070969104766846
0.22594116628170013 0.2481074035167694
0.22380785644054413 0.2221190333366394
0.2209939956665039 0.1960756927728653
0.2209978997707367 0.19499926269054413
0.21519163250923157 0.18206408619880676
0.21885383129119873 0.20831210911273956
0.21603867411613464 0.20570850372314453
3.7198574542999268 0.24077308177947998
0.22769789397716522 0.19759401679039001
0.21830542385578156 0.25148913264274597
0.21575327217578888 0.22948583960533142
0.2145579755306244 0.1818496137857437
0.2109336107969284 0.2690577507019043
0.2120896726846695 0.19021174311637878
0.2088903933763504 0.2184939682483673
0.2062302976846695 0.17425009608268738
0.20649266242980957 0.21426145732402802
0.2045648694038391 0.1943497657775879
0.20297235250473022 0.20462726056575775
0.20383864641189575 0.28124451637268066
0.20258182287216187 0.18444621562957764
0.20118959248065948 0.1749592423439026
0.20305131375789642 0.18837930262088776
0.2010098546743393 0.2095898985862732
0.19883993268013 0.17939509451389313
0.19990742206573486 0.19487972557544708
0.2004142701625824 0.18810555338859558
20.452390670776367 0.21717098355293274
0.2114626169204712 0.1995427906513214
0.20894122123718262 0.17635101079940796
0.20699036121368408 0.22194364666938782
0.20283223688602448 0.16732949018478394
0.1990131437778473 0.18920829892158508
0.19922539591789246 0.17510491609573364
0.20142637193202972 0.1935850828886032
0.20093487203121185 0.17462198436260223
0.19877052307128906 0.2112756371498108
0.19912555813789368 0.18986116349697113
0.19785639643669128 0.19410835206508636
0.19550317525863647 0.16847960650920868
0.19502374529838562 0.18229763209819794
0.1946847289800644 0.18587732315063477
0.19171997904777527 0.16806918382644653
0.19342845678329468 0.18206636607646942
0.19056133925914764 0.19393835961818695
0.19257639348506927 0.17702007293701172
0.19057250022888184 0.21414850652217865
0.19197548925876617 0.20685072243213654
0.1886632889509201 0.1623985469341278
0.19000466167926788 0.1809643805027008
0.8637020587921143 0.20384380221366882
0.19109466671943665 0.16391266882419586
0.187653049826622 0.1718379259109497
0.1844591349363327 0.16405856609344482
0.1861550360918045 0.15846511721611023
0.187416210770607 0.17980793118476868
0.18553738296031952 0.2011736035346985
0.18432167172431946 0.19114524126052856
0.18329375982284546 0.16831143200397491
0.18240296840667725 0.1766844391822815
0.18194185197353363 0.17395712435245514
0.1831015646457672 0.22892431914806366
0.18035946786403656 0.17032097280025482
0.18066595494747162 0.1751297265291214
0.1809770166873932 0.18782080709934235
0.18040278553962708 0.2043006867170334
0.18161268532276154 0.16512978076934814
0.1790071725845337 0.15786971151828766
0.17847953736782074 0.1611384004354477
0.17969101667404175 0.16585199534893036
0.1790006160736084 0.1615433543920517
0.17892034351825714 0.1537494659423828
0.17906290292739868 0.1773824691772461
0.17713850736618042 0.18745452165603638
0.1765495091676712 0.16754597425460815
0.17523740231990814 0.1606239378452301
0.1774502396583557 0.15057174861431122
0.17479047179222107 0.17550979554653168
0.1777997463941574 0.15883390605449677
0.17241108417510986 0.1804167628288269
0.174547016620636 0.18358369171619415
0.17422981560230255 0.19425541162490845
0.1800331473350525 0.21913795173168182
0.1732429563999176 0.16317737102508545
0.17418989539146423 0.16722550988197327
0.25260838866233826 0.17140203714370728
27.891992568969727 0.17964433133602142
0.18050989508628845 0.1613679677248001
0.17294614017009735 0.19598068296909332
0.17175297439098358 0.1677573174238205
0.17231030762195587 0.2176872342824936
0.17203271389007568 0.20058013498783112
0.27462708950042725 0.17185276746749878
0.22147013247013092 0.16641230881214142
0.1805645376443863 0.2073674499988556
0.7802900671958923 0.15510781109333038
0.17390933632850647 0.26116809248924255
0.17486967146396637 0.15875282883644104
0.1710091233253479 0.17725099623203278
0.16917338967323303 0.1697009652853012
0.17123261094093323 0.16981622576713562
0.1694122552871704 0.16820771992206573
209.60321044921875 0.5469526648521423
0.21050868928432465 0.16470429301261902
0.17996644973754883 0.19110634922981262
0.17708739638328552 0.1778276115655899
0.17385683953762054 0.1712566614151001
0.17434224486351013 0.16508468985557556
0.17314639687538147 0.17519156634807587
0.17110498249530792 0.2010800540447235
0.1712685376405716 0.16350211203098297
2.8046875 0.18844978511333466
0.17872701585292816 0.21771085262298584
0.17181864380836487 0.16114027798175812
0.173702672123909 0.1718014031648636
0.17111702263355255 0.22973476350307465
0.17064005136489868 0.17071297764778137
0.16996470093727112 0.17311307787895203
0.17032058537006378 0.18439270555973053
0.16852064430713654 0.21064241230487823
0.16966034471988678 0.16617974638938904
0.1675126850605011 0.16943296790122986
0.1686769276857376 0.17731639742851257
0.17386512458324432 0.1931910663843155
0.1661079227924347 0.1577344387769699
0.16824248433113098 0.22091040015220642
0.165981724858284 0.197572261095047
