31.32186508178711 1.562124490737915
1.6962558031082153 2.3647983074188232
1.683941125869751 1.476665735244751
1.6935694217681885 1.6235263347625732
1.679276704788208 1.5107828378677368
1.6762276887893677 1.4824200868606567
1.6810634136199951 1.8746565580368042
1.7007240056991577 2.2347984313964844
1.6809413433074951 1.5020395517349243
1.681894302368164 1.5628588199615479
1.680187463760376 1.6900744438171387
1.6672892570495605 1.7203938961029053
1.679502010345459 1.80741286277771
1.6919515132904053 1.526475429534912
1.6882129907608032 2.659201145172119
1.6827375888824463 1.6723723411560059
1.7078721523284912 1.544899582862854
1.6722779273986816 1.4774248600006104
1.7014578580856323 2.0334701538085938
1.6744552850723267 1.4754287004470825
1.6583460569381714 1.5668883323669434
1.6975579261779785 1.5667991638183594
1.6942667961120605 1.4832919836044312
1.6796356439590454 1.5607796907424927
1.681167721748352 1.5517441034317017
1.7021251916885376 1.4752193689346313
1.6728891134262085 1.7864587306976318
1.687215805053711 1.5722520351409912
1.6992847919464111 1.5041310787200928
1.6867226362228394 1.4872066974639893
1.673933982849121 1.6414943933486938
1.6781131029129028 1.4764220714569092
1.677932620048523 1.8311233520507812
1.6892046928405762 1.4754552841186523
1.7043412923812866 2.110856056213379
1.6702983379364014 1.4753217697143555
1.6862541437149048 1.4842712879180908
1.6881974935531616 1.4798425436019897
1.665419578552246 1.4766781330108643
1.6957064867019653 1.7250789403915405
1.6697531938552856 1.5157057046890259
1.680143117904663 1.6153185367584229
1.6807794570922852 2.321004629135132
1.6817224025726318 1.5032258033752441
1.6806325912475586 1.479387879371643
1.6817729473114014 1.4814342260360718
