0.7510061860084534 0.3015693426132202
0.3497408330440521 0.28333723545074463
0.29787400364875793 0.22122909128665924
0.272832453250885 0.3316337764263153
0.258291631937027 0.20909979939460754
0.24733425676822662 0.1864592581987381
0.23870199918746948 0.2851541042327881
0.23554250597953796 0.1938144415616989
0.22845645248889923 0.3014843761920929
0.22176748514175415 0.189550518989563
0.21565265953540802 0.17722482979297638
0.21154896914958954 0.23532520234584808
0.20825396478176117 0.22399190068244934
0.20505203306674957 0.1799296885728836
0.20326252281665802 0.1681947559118271
0.2087910920381546 0.1813262701034546
0.23355872929096222 0.1733563244342804
0.1970822662115097 0.16280747950077057
0.19472277164459229 0.2096952348947525
0.1938164234161377 0.1667426973581314
0.19141259789466858 0.17762428522109985
0.20145682990550995 0.17407909035682678
0.18941612541675568 0.1690952330827713
0.19012121856212616 0.16028624773025513
0.2037302553653717 0.1611240655183792
0.18539996445178986 0.1673693060874939
0.18430809676647186 0.16531799733638763
0.18349069356918335 0.16482225060462952
0.18651971220970154 0.1627560555934906
0.1827380657196045 0.2961575388908386
0.18118740618228912 0.16456878185272217
0.1799689531326294 0.1539941430091858
0.17993280291557312 0.15789680182933807
0.17853158712387085 0.17682261765003204
0.17858125269412994 0.15433016419410706
0.17720046639442444 0.1423884630203247
0.1764894276857376 0.14872317016124725
0.17609816789627075 0.1732519418001175
0.17930416762828827 0.2013694792985916
0.1743084341287613 0.16989129781723022
0.18256784975528717 0.252169132232666
0.17357824742794037 0.18556156754493713
0.17280948162078857 0.23512867093086243
0.1724812537431717 0.15584222972393036
0.17129027843475342 0.19667285680770874
0.17135514318943024 0.17466624081134796
0.16980041563510895 0.1761934608221054
0.171355739235878 0.17697972059249878
0.16925053298473358 0.16366617381572723
0.16961278021335602 0.15614140033721924
0.16968350112438202 0.18476101756095886
0.16994310915470123 0.14910103380680084
0.16855724155902863 0.17158877849578857
0.16863946616649628 0.15348808467388153
0.16809864342212677 0.20354144275188446
0.16687418520450592 0.15909768640995026
0.1663229614496231 0.17440557479858398
0.1658134162425995 0.20875583589076996
0.16669034957885742 0.15301388502120972
0.16585758328437805 0.16481155157089233
0.16469642519950867 0.1475222259759903
0.16644705832004547 0.1625642329454422
0.16521529853343964 0.18781377375125885
0.1656953990459442 0.1621510535478592
0.16631998121738434 0.14935517311096191
0.16443422436714172 0.14712893962860107
0.16287925839424133 0.24585501849651337
0.1636606752872467 0.15797747671604156
0.1625831127166748 0.1487462818622589
0.16358084976673126 0.14244772493839264
0.1620503067970276 0.14063744246959686
0.16238047182559967 0.1766248643398285
0.1617179960012436 0.15403427183628082
0.16115567088127136 0.1726359724998474
0.16154682636260986 0.15270686149597168
0.16109584271907806 0.14201942086219788
0.1608891636133194 0.18493445217609406
0.16045287251472473 0.16430343687534332
0.15989576280117035 0.28374236822128296
0.15883991122245789 0.1612590253353119
0.1603371500968933 0.13876265287399292
0.15941153466701508 0.17406906187534332
0.15969319641590118 0.16658128798007965
0.16364972293376923 0.1447335183620453
0.15883176028728485 0.14215025305747986
0.15921033918857574 0.18493995070457458
0.1589452475309372 0.1754589080810547
0.15964815020561218 0.17283260822296143
0.15871642529964447 0.1717895120382309
0.15745745599269867 0.1356842815876007
0.15791799128055573 0.2027493715286255
0.15733709931373596 0.13973547518253326
0.15714909136295319 0.13784414529800415
0.15645655989646912 0.1586487740278244
0.1567642092704773 0.1417204737663269
0.15585938096046448 0.15356406569480896
0.15748485922813416 0.194067120552063
0.15579849481582642 0.13744428753852844
0.15532706677913666 0.14043977856636047
0.15542280673980713 0.14188072085380554
0.15561456978321075 0.1762591004371643
0.15529374778270721 0.15066464245319366
0.1554388403892517 0.13502122461795807
0.15420317649841309 0.17521744966506958
0.15518836677074432 0.16830940544605255
0.15508629381656647 0.1336611956357956
0.15448755025863647 0.14876683056354523
0.15444576740264893 0.14052747189998627
0.15407241880893707 0.14223332703113556
0.15486913919448853 0.1914808750152588
0.15383516252040863 0.15639957785606384
0.1545938402414322 0.15008793771266937
0.15349707007408142 0.14047300815582275
0.15383006632328033 0.1360999196767807
0.1535278558731079 0.1486705243587494
0.15357279777526855 0.21719585359096527
0.1535668820142746 0.14356325566768646
0.15785656869411469 0.14501960575580597
0.15268106758594513 0.15747953951358795
0.15268409252166748 0.1716730147600174
0.1527760773897171 0.1508452147245407
0.1522703468799591 0.14394335448741913
0.15252867341041565 0.14567860960960388
0.15260784327983856 0.13862092792987823
0.1541077047586441 0.1596112996339798
0.1530519425868988 0.14529655873775482
0.15200872719287872 0.1459207981824875
0.1514444500207901 0.1592583954334259
0.15156520903110504 0.1499008983373642
0.15275870263576508 0.15042658150196075
0.15216244757175446 0.19171003997325897
0.15122577548027039 0.1489487588405609
0.15101532638072968 0.13413554430007935
0.1516214907169342 0.1451810598373413
0.15142124891281128 0.15562225878238678
0.1517089307308197 0.13967756927013397
0.1506752073764801 0.13902059197425842
0.14975795149803162 0.1346549093723297
0.15057271718978882 0.15019454061985016
0.1495472490787506 0.15686209499835968
0.14982832968235016 0.1530311554670334
0.1505906730890274 0.13847669959068298
0.14891698956489563 0.18659943342208862
0.14943113923072815 0.15834541618824005
0.15015023946762085 0.1339607834815979
0.15281037986278534 0.15399329364299774
0.14964064955711365 0.1552089899778366
0.14988994598388672 0.14126625657081604
0.14988428354263306 0.1523144692182541
0.1499832272529602 0.14269255101680756
0.14954236149787903 0.13514932990074158
0.14839588105678558 0.14340828359127045
0.14823323488235474 0.14462244510650635
0.14802199602127075 0.14111417531967163
0.14816971123218536 0.16151531040668488
0.14798951148986816 0.14056000113487244
0.1481914222240448 0.19260741770267487
0.14876729249954224 0.137444406747818
0.1473790854215622 0.1497209221124649
0.1476881355047226 0.13531552255153656
0.14699983596801758 0.15549764037132263
0.14708422124385834 0.1546040177345276
0.14730499684810638 0.1350310891866684
0.14779986441135406 0.1804153323173523
0.1483902782201767 0.1370391696691513
0.14680072665214539 0.13931015133857727
0.14701682329177856 0.14799124002456665
0.14680993556976318 0.16834676265716553
0.14719708263874054 0.1460251659154892
0.14752735197544098 0.1572115123271942
0.14711174368858337 0.1283649057149887
0.14925524592399597 0.15389788150787354
0.14725838601589203 0.15352314710617065
0.14615283906459808 0.1327017843723297
0.14670895040035248 0.14429211616516113
0.1466364711523056 0.20474974811077118
0.14611108601093292 0.14117951691150665
0.14580635726451874 0.14012131094932556
0.14525668323040009 0.14176303148269653
0.14640595018863678 0.14883381128311157
0.14716331660747528 0.18544478714466095
0.14665590226650238 0.1362336277961731
0.14863471686840057 0.15603898465633392
0.14644448459148407 0.13899388909339905
0.1459627002477646 0.12909163534641266
0.14652332663536072 0.14117790758609772
0.14606891572475433 0.1374368518590927
0.1453302502632141 0.15072688460350037
0.14576083421707153 0.13525177538394928
0.16951031982898712 0.14539192616939545
0.15315143764019012 0.16318991780281067
0.14534279704093933 0.1596561074256897
0.14549143612384796 0.13487578928470612
0.14602738618850708 0.15247111022472382
0.1443033367395401 0.14781974256038666
0.14499422907829285 0.15416845679283142
0.14532683789730072 0.23107117414474487
0.14532236754894257 0.13994170725345612
0.14565634727478027 0.1334901601076126
0.14495329558849335 0.1381976157426834
0.14455653727054596 0.14112918078899384
0.14450174570083618 0.14410783350467682
0.15018625557422638 0.14231649041175842
0.14489251375198364 0.14045032858848572
0.1443585306406021 0.13827010989189148
0.1452522724866867 0.1528463363647461
0.1446543037891388 0.1553867906332016
0.14560402929782867 0.14633332192897797
0.14457303285598755 0.3054169714450836
0.14833056926727295 0.1815398931503296
0.1441667526960373 0.14896246790885925
0.14781638979911804 0.14236457645893097
0.14404693245887756 0.22624655067920685
0.15722179412841797 0.13383065164089203
0.1438743621110916 0.13683266937732697
0.1439497172832489 0.14053881168365479
0.14406494796276093 0.19772399961948395
0.15796227753162384 0.14571484923362732
0.14419659972190857 0.1458691507577896
0.1442907154560089 0.13338571786880493
0.14453665912151337 0.14408259093761444
0.1442592740058899 0.16185450553894043
0.1427878588438034 0.13820484280586243
0.14313434064388275 0.1383882462978363
0.14257656037807465 0.1401827037334442
0.14404742419719696 0.17432884871959686
0.14378906786441803 0.14590318500995636
0.14293910562992096 0.16735686361789703
0.14273445308208466 0.1385466605424881
0.14256572723388672 0.14340004324913025
0.1447724550962448 0.14014314115047455
0.14308787882328033 0.15695534646511078
0.14462889730930328 0.13094381988048553
0.14228978753089905 0.13368180394172668
0.14197121560573578 0.20121602714061737
0.14215853810310364 0.13560828566551208
0.14249904453754425 0.13489827513694763
0.1422823667526245 0.19867539405822754
0.14245516061782837 0.13496385514736176
0.14261837303638458 0.15484149754047394
0.14289893209934235 0.18070746958255768
0.14224547147750854 0.13725882768630981
0.14226427674293518 0.1570715308189392
0.142125204205513 0.1767130345106125
0.14160536229610443 0.16914518177509308
0.14277797937393188 0.12955111265182495
0.14198221266269684 0.14330027997493744
0.14158441126346588 0.14321984350681305
0.14133694767951965 0.1350816786289215
0.14187639951705933 0.15051472187042236
0.14147599041461945 0.13773156702518463
0.1410411149263382 0.1413649022579193
0.1410965472459793 0.1874801069498062
0.14146147668361664 0.1699129194021225
0.1410454511642456 0.13381676375865936
0.1415758579969406 0.16654454171657562
0.140986368060112 0.21026107668876648
0.14151930809020996 0.14039982855319977
0.14177905023097992 0.13894715905189514
0.1410522162914276 0.19632792472839355
0.14168137311935425 0.14028099179267883
0.14098148047924042 0.1358790248632431
0.14053958654403687 0.16989098489284515
0.1419486701488495 0.13459034264087677
0.16938814520835876 0.13513845205307007
0.14185240864753723 0.15486188232898712
0.14127974212169647 0.17661356925964355
0.14065483212471008 0.1347075253725052
0.14208537340164185 0.13789033889770508
0.1409064084291458 0.14057020843029022
0.14010021090507507 0.14906346797943115
0.1402721107006073 0.19627442955970764
0.1409107893705368 0.1563047170639038
0.1410427838563919 0.16973428428173065
0.14081348478794098 0.13007962703704834
0.14070391654968262 0.14920873939990997
0.14089138805866241 0.1306394636631012
0.14047932624816895 0.14931778609752655
0.14020851254463196 0.13466884195804596
0.14085660874843597 0.13818204402923584
0.14083704352378845 0.14442987740039825
0.14099715650081635 0.139587864279747
0.1403566598892212 0.1411648839712143
0.14035068452358246 0.13047674298286438
0.14009980857372284 0.20216818153858185
0.13963669538497925 0.14116837084293365
0.1404424011707306 0.13156823813915253
0.1396273672580719 0.13738641142845154
0.13980157673358917 0.14265917241573334
0.14044606685638428 0.13009290397167206
0.13989846408367157 0.14190612733364105
0.14025042951107025 0.140492245554924
0.14057070016860962 0.18532346189022064
0.13957063853740692 0.15975536406040192
0.13921135663986206 0.16243447363376617
0.14022809267044067 0.1535162329673767
0.13898710906505585 0.13406415283679962
0.14019836485385895 0.1369626671075821
0.14102138578891754 0.22404247522354126
0.1403360515832901 0.1359892189502716
0.14047084748744965 0.15067631006240845
0.13982275128364563 0.16789355874061584
0.13861174881458282 0.15165020525455475
0.14009657502174377 0.17357595264911652
0.1420428603887558 0.13118602335453033
0.14648973941802979 0.18560662865638733
0.14020289480686188 0.13256031274795532
0.14033544063568115 0.13567376136779785
0.14029854536056519 0.14818128943443298
0.1397307962179184 0.140083447098732
0.13984715938568115 0.14995206892490387
0.1401846706867218 0.12759676575660706
0.13829027116298676 0.14818234741687775
0.13875676691532135 0.14453329145908356
0.13863705098628998 0.13773374259471893
0.13915404677391052 0.13064470887184143
0.13929897546768188 0.13581877946853638
0.1390681266784668 0.1363319456577301
0.13883627951145172 0.14083866775035858
0.13951997458934784 0.12618528306484222
0.1385543942451477 0.134853795170784
0.14025914669036865 0.1403501331806183
0.14264175295829773 0.14355286955833435
0.13911248743534088 0.14730437099933624
0.13927289843559265 0.14319917559623718
0.13891740143299103 0.1350659430027008
0.13885822892189026 0.14416851103305817
0.13993939757347107 0.2061387300491333
0.1378009170293808 0.14628301560878754
0.13974934816360474 0.15181651711463928
0.13985894620418549 0.15201839804649353
0.13983142375946045 0.13411657512187958
0.13945703208446503 0.13681481778621674
0.13951395452022552 0.14292170107364655
0.18147630989551544 0.1611029952764511
0.1395025998353958 0.2621268928050995
0.13924802839756012 0.18117022514343262
0.13938060402870178 0.16651952266693115
0.13861706852912903 0.1436474472284317
0.13929682970046997 0.12625783681869507
0.13802264630794525 0.15139240026474
0.13774409890174866 0.13632725179195404
0.13852006196975708 0.1343970000743866
0.1378871649503708 0.14529897272586823
0.13844478130340576 0.15854798257350922
0.13761378824710846 0.19187361001968384
0.13737241923809052 0.14377568662166595
0.13774307072162628 0.1675894558429718
0.13809624314308167 0.1377604901790619
0.13751253485679626 0.14623767137527466
0.13885198533535004 0.14135544002056122
0.14238294959068298 0.15057051181793213
0.13788510859012604 0.15028423070907593
0.16149988770484924 0.18198265135288239
0.13983239233493805 0.19935216009616852
0.1382371336221695 0.13920634984970093
0.13720399141311646 0.14169636368751526
0.15786336362361908 0.21044981479644775
0.13814713060855865 0.1443244069814682
0.1375390738248825 0.19395989179611206
0.13736410439014435 0.14471662044525146
0.13817346096038818 0.1447315812110901
0.13963110744953156 0.148062065243721
0.13878445327281952 0.18120291829109192
0.13829220831394196 0.13400352001190186
0.1361284852027893 0.1314748376607895
0.13707783818244934 0.17465123534202576
0.1377953439950943 0.15466652810573578
0.13681191205978394 0.14207139611244202
0.137409046292305 0.14766594767570496
0.1372431516647339 0.14594440162181854
0.13888396322727203 0.24847015738487244
0.13743333518505096 0.17353349924087524
0.13609547913074493 0.13594727218151093
0.22549006342887878 0.14634276926517487
0.136301651597023 0.13876183331012726
0.1371915489435196 0.1484263390302658
0.13603773713111877 0.13505606353282928
0.13631920516490936 0.13669726252555847
0.13600628077983856 0.14765693247318268
0.13533702492713928 0.15486007928848267
0.1367262452840805 0.13726018369197845
0.13719260692596436 0.14647479355335236
0.1360238790512085 0.1445426344871521
0.13583068549633026 0.24696803092956543
0.13565808534622192 0.15912285447120667
0.1360965222120285 0.13130755722522736
0.13604721426963806 0.14958077669143677
0.1362966001033783 0.164870023727417
0.1369810700416565 0.15981677174568176
0.1362726241350174 0.13228103518486023
0.13592462241649628 0.14480721950531006
0.13591864705085754 0.14190587401390076
0.13604459166526794 0.17748747766017914
0.1369185894727707 0.13938811421394348
0.13598403334617615 0.15822084248065948
0.13614898920059204 0.16301827132701874
