2.6879398822784424 1.7782543897628784
1.490224838256836 6.164083480834961
2.954613208770752 1.0906659364700317
1.667191982269287 1.0739222764968872
2.1417384147644043 1.095954179763794
1.1115667819976807 1.1112325191497803
1.0995503664016724 1.1466037034988403
1.1004010438919067 1.0665568113327026
1.0919333696365356 1.091483235359192
1.0941838026046753 1.098247766494751
1.071783185005188 1.0761786699295044
1.063737154006958 1.0594223737716675
14.79463005065918 24.40809440612793
1.1235978603363037 1.1032770872116089
1.062502145767212 1.0416665077209473
1.0633083581924438 1.0510953664779663
1.1303443908691406 1.0746171474456787
1.0648311376571655 1.03374183177948
1.052432656288147 1.0116944313049316
1.1609580516815186 1.0558329820632935
1.032095193862915 1.0943880081176758
1.0342251062393188 1.0747650861740112
1.0403339862823486 0.9642598628997803
1.0150173902511597 0.9869347214698792
1.0039310455322266 0.9956854581832886
0.9760587811470032 1.0333518981933594
0.9283595681190491 1.017810583114624
0.9085327386856079 1.2913872003555298
0.9160646200180054 0.8635371923446655
0.7797570824623108 0.6657912135124207
0.762398362159729 0.7984163761138916
0.750567615032196 0.7094316482543945
0.776043176651001 0.723106324672699
0.7257888317108154 0.6240114569664001
0.7180109620094299 0.7210371494293213
0.7163381576538086 0.6026578545570374
0.744275689125061 0.7444960474967957
0.7980567812919617 0.5373302698135376
0.7394007444381714 0.7461978197097778
0.6775456666946411 0.6072554588317871
0.7851101160049438 0.750868558883667
0.70375657081604 0.7565239071846008
0.6963672637939453 1.1320611238479614
1.1019642353057861 0.8184917569160461
0.6911073327064514 0.807155191898346
0.7070422768592834 0.7099357843399048
0.6597738862037659 0.7356534004211426
0.7072336673736572 0.6483058929443359
0.650953471660614 0.6802283525466919
0.6553510427474976 0.5034260749816895
0.6578817367553711 0.9294582605361938
1.22267484664917 56.70359802246094
1.1128591299057007 6.122874736785889
0.8870717287063599 2.8418257236480713
0.713085412979126 0.5469948053359985
0.6910702586174011 533.9851684570312
0.7130962610244751 0.7896143198013306
0.8163757920265198 39.382591247558594
0.8734155893325806 2.0618560314178467
0.7696300745010376 0.8640021681785583
0.690887451171875 0.7351168990135193
0.6761617064476013 0.8237462639808655
0.6746344566345215 0.49697721004486084
0.6368247270584106 0.7410444021224976
0.6690026521682739 0.6003857851028442
0.6368680000305176 0.5140635371208191
0.6991509795188904 1.179041862487793
0.8989352583885193 1.875370979309082
1.0182321071624756 2.180680990219116
1.0978314876556396 2.9606754779815674
1.0828114748001099 0.9680560231208801
1.1228618621826172 56.12274169921875
1.0321407318115234 1.0246878862380981
1.0635539293289185 1.2788130044937134
0.9786026477813721 1.0988823175430298
0.9660156965255737 0.922268271446228
1.26104736328125 1.4062867164611816
1.1427472829818726 1.0040156841278076
0.9998350739479065 1.281606674194336
1.0082740783691406 1.1608388423919678
1.0239055156707764 0.9813252091407776
0.9980076551437378 1.3301140069961548
1.2962634563446045 1.1638168096542358
