34.75657653808594 1.900051236152649
1.5617108345031738 224969.1875
6.243497371673584 1.5841574668884277
1.561305046081543 1.5047078132629395
1.5528157949447632 1.5765061378479004
1.5603612661361694 1.5755943059921265
1.548729658126831 1.5043244361877441
1.5563164949417114 1.5101819038391113
1.5569924116134644 1.5052778720855713
1.5588433742523193 1.5221325159072876
1.5527842044830322 1.7673964500427246
1.5545392036437988 1.599236249923706
1.5528043508529663 1.5361201763153076
1.5589354038238525 1.5047307014465332
1.5666555166244507 1.5265008211135864
1.5533515214920044 1.5034880638122559
1.5590037107467651 1.5379996299743652
1.5556241273880005 1.5369617938995361
1.5523115396499634 1.520743727684021
1.5543255805969238 1.6642775535583496
1.5573304891586304 1.544417142868042
1.5571925640106201 1.5095289945602417
1.5514516830444336 1.5386312007904053
1.5620161294937134 1.5081992149353027
1.5493333339691162 1.6628108024597168
1.5558065176010132 1.503930687904358
1.5584232807159424 1.56336510181427
1.5598955154418945 1.5168273448944092
1.5590322017669678 1.5352824926376343
1.5612456798553467 1.5132001638412476
1.5555351972579956 1.5152087211608887
1.5587244033813477 1.658698558807373
1.5528254508972168 1.5040355920791626
1.5504727363586426 1.5666249990463257
1.552573561668396 1.5426945686340332
1.5505961179733276 1.55403733253479
