2.2224478721618652 1.5343209505081177
1.5568653345108032 1.5706226825714111
1.5586313009262085 1.5098894834518433
1.5583884716033936 1.5385332107543945
1.5573359727859497 1.5159484148025513
1.5582221746444702 1.5033661127090454
1.555612564086914 1.5960543155670166
1.5560848712921143 1.5052921772003174
1.5535587072372437 1.5103850364685059
1.5569193363189697 1.5479226112365723
1.5543869733810425 1.5100449323654175
1.5532363653182983 1.5871589183807373
1.5570515394210815 1.662133812904358
1.549267292022705 1.5728214979171753
1.5567617416381836 1.5281111001968384
1.5603163242340088 1.5646406412124634
1.5578947067260742 1.525734305381775
1.5511927604675293 1.5036473274230957
1.551256775856018 1.5741043090820312
1.5589834451675415 1.506585717201233
1.5500515699386597 1.5564595460891724
1.5559080839157104 1.5061360597610474
1.554619312286377 1.5092204809188843
1.557016372680664 1.5103776454925537
1.5596448183059692 1.5040730237960815
1.5579535961151123 1.5091766119003296
