2.5128581523895264 1.5038255453109741
1.5581244230270386 1.5168780088424683
1.5537492036819458 1.5101655721664429
1.5551280975341797 1.5046976804733276
1.5553597211837769 1.52622652053833
1.5542736053466797 1.5137666463851929
1.5593570470809937 1.5033247470855713
1.5581591129302979 1.5368800163269043
1.552111029624939 1.528707504272461
1.5541874170303345 1.6105576753616333
1.5598078966140747 1.5142146348953247
1.555765151977539 1.538690209388733
1.5635170936584473 1.5122390985488892
1.5538511276245117 1.5902631282806396
1.555084466934204 1.5050030946731567
1.5601608753204346 1.504766583442688
1.5482059717178345 1.5035429000854492
1.54993736743927 1.5268959999084473
1.555436134338379 1.5245280265808105
1.5543467998504639 1.6054784059524536
1.544608235359192 1.5096796751022339
1.559054970741272 1.504326343536377
1.5582327842712402 1.5035089254379272
1.5590436458587646 1.5293793678283691
1.5503588914871216 1.7141667604446411
1.5638381242752075 1.5174556970596313
1.5591398477554321 1.5054086446762085
