1.0324846506118774 0.5264348983764648
0.7916260361671448 0.5545052289962769
1.1658614873886108 0.41985243558883667
0.5659094452857971 0.5827564001083374
0.436188668012619 0.32780882716178894
0.3666823208332062 0.25204038619995117
0.3188195526599884 0.33794331550598145
0.45097267627716064 2.5708374977111816
0.3130343556404114 0.2509646713733673
0.29999005794525146 0.22058583796024323
0.27953922748565674 0.2131989300251007
0.3292599022388458 0.26456156373023987
0.2586592435836792 0.3223455548286438
0.24977897107601166 0.192879319190979
0.23958820104599 0.18265827000141144
0.23627540469169617 0.2222032994031906
0.24060380458831787 0.232911616563797
0.23370547592639923 0.20861610770225525
0.22523295879364014 0.1951935589313507
0.21505308151245117 0.1977006494998932
0.2154935598373413 0.18000797927379608
0.21888041496276855 0.18542756140232086
0.2457575798034668 0.18759196996688843
0.2081509530544281 0.1850159615278244
0.20616528391838074 0.15812841057777405
0.20267538726329803 0.18396267294883728
0.20114392042160034 0.16737037897109985
0.2050483673810959 0.177566796541214
0.19772283732891083 0.18828409910202026
0.19962623715400696 0.20142115652561188
0.19300168752670288 0.1559351086616516
0.1904250979423523 0.23771284520626068
0.19124840199947357 0.18993310630321503
0.1892378181219101 0.16262750327587128
0.18826064467430115 0.1546684056520462
0.18612585961818695 0.19174540042877197
0.20456406474113464 0.1869763731956482
0.8336305022239685 0.16989314556121826
0.1844804733991623 0.159687802195549
0.18469642102718353 0.2263384461402893
0.1817747950553894 0.27559420466423035
0.18190406262874603 0.20896142721176147
0.18280719220638275 0.19477659463882446
0.18397827446460724 0.15028750896453857
0.32358238101005554 0.19125965237617493
0.181723952293396 0.15432724356651306
0.1794651597738266 0.1609908938407898
0.19222229719161987 0.15619952976703644
0.17898182570934296 0.1458694338798523
0.17981171607971191 0.1507965326309204
0.17879532277584076 0.20021240413188934
0.1782093346118927 0.16375058889389038
0.17451652884483337 0.19185353815555573
0.17519593238830566 0.1569918990135193
0.17212644219398499 0.24426957964897156
0.1719748079776764 0.2286389172077179
0.17316800355911255 0.16485774517059326
0.17309372127056122 0.17518861591815948
0.184030219912529 0.22724199295043945
0.1736798882484436 0.1555483639240265
0.1731450855731964 0.17059928178787231
0.179142028093338 0.17103154957294464
0.17463745176792145 0.14866489171981812
0.18292850255966187 0.15153780579566956
0.17308425903320312 0.16368405520915985
0.17112590372562408 0.14521393179893494
0.17057649791240692 0.14778847992420197
0.17999053001403809 0.16186845302581787
0.1687038093805313 0.17324961721897125
0.16922715306282043 0.15967503190040588
0.1689545214176178 0.16331423819065094
0.17653676867485046 0.1510205864906311
0.16959603130817413 0.15744614601135254
0.16874653100967407 0.1472051739692688
0.16904622316360474 0.13663867115974426
0.17253240942955017 0.14841431379318237
0.17489191889762878 0.16143372654914856
0.16945300996303558 0.15733084082603455
0.1649230718612671 0.1395139992237091
0.16682128608226776 0.15515771508216858
0.1666126251220703 0.15072216093540192
0.16608327627182007 0.1560724973678589
0.16739647090435028 0.1436348706483841
0.18683485686779022 0.5244745016098022
0.2026122659444809 0.233271524310112
0.18750537931919098 0.1958155781030655
0.22082020342350006 0.2265956699848175
0.22945326566696167 0.2923458218574524
0.23386931419372559 0.17865097522735596
0.17675882577896118 0.15265952050685883
0.17209672927856445 0.1773737072944641
0.17597733438014984 0.18061739206314087
0.18743759393692017 0.21367749571800232
0.1785503774881363 0.18659768998622894
0.17592540383338928 0.22889579832553864
0.17039330303668976 0.22072826325893402
0.1720884144306183 0.1665603071451187
0.1688605397939682 0.23919959366321564
0.16553300619125366 0.24552376568317413
0.16562265157699585 0.1692752242088318
0.16535909473896027 0.17058327794075012
0.16508151590824127 0.16945888102054596
0.16681285202503204 0.20339682698249817
0.16416043043136597 0.1555115133523941
0.163554385304451 0.16713331639766693
0.16474011540412903 0.17295897006988525
0.16577816009521484 0.14590445160865784
0.1624930202960968 0.14744040369987488
0.16561491787433624 0.18887148797512054
0.16883820295333862 0.17058412730693817
0.16428640484809875 0.1672738492488861
0.19741787016391754 0.21418270468711853
0.16891154646873474 0.20574437081813812
0.16483357548713684 0.14336062967777252
0.1652856171131134 0.14886383712291718
0.17309662699699402 0.16335079073905945
0.2248454988002777 0.21680861711502075
0.19493074715137482 0.19968444108963013
0.262519508600235 0.15781594812870026
0.18264171481132507 0.16773389279842377
0.16677242517471313 0.16068458557128906
0.1654369980096817 0.14416159689426422
0.1656436026096344 0.1720200926065445
0.176844522356987 0.149203360080719
0.1727827787399292 0.18569312989711761
0.16866335272789001 0.15121878683567047
0.1565300077199936 0.1470373123884201
0.20280267298221588 0.21701811254024506
0.18366171419620514 0.5444126129150391
0.18977299332618713 0.20994701981544495
0.17222705483436584 0.2264464944601059
0.16639745235443115 0.19044645130634308
0.1687304973602295 0.1903182566165924
0.16067729890346527 0.25810107588768005
0.1651012897491455 0.2596858739852905
0.15958170592784882 0.17606712877750397
0.24331633746623993 0.163889080286026
0.18985256552696228 0.1606816202402115
0.1835760474205017 0.18114493787288666
0.17978103458881378 0.15421660244464874
0.1769416481256485 0.1682131290435791
0.17467178404331207 0.16632378101348877
0.1738431304693222 0.17805610597133636
0.17223899066448212 0.17734868824481964
0.17223697900772095 0.1969236582517624
0.16942502558231354 0.21531641483306885
0.17052948474884033 0.21774213016033173
0.1700519472360611 0.22816547751426697
0.17133882641792297 0.19098545610904694
6.0434465408325195 0.23466716706752777
0.19900986552238464 0.16781054437160492
0.1795608401298523 0.1697569340467453
0.1837010234594345 0.1729893684387207
0.19637270271778107 0.19494444131851196
0.19207961857318878 0.18122591078281403
0.20929673314094543 0.17243535816669464
0.19457028806209564 0.169436514377594
0.18876777589321136 0.18010924756526947
0.1729685217142105 0.29384365677833557
0.1706109493970871 0.4239208400249481
0.18377994000911713 0.42349517345428467
0.18376481533050537 0.4203697741031647
0.1715838760137558 0.14804880321025848
0.1804305762052536 0.2929666042327881
0.23602727055549622 0.17849376797676086
0.18454031646251678 0.16675031185150146
0.2028266191482544 0.17448082566261292
0.18891511857509613 0.24482306838035583
0.1734667271375656 0.24343480169773102
0.17698320746421814 0.2127259224653244
0.17706704139709473 0.3841472566127777
0.19881212711334229 0.2689574360847473
0.17397817969322205 0.1710059940814972
0.1883385181427002 0.14850802719593048
0.490517795085907 0.24802660942077637
