1.500834345817566 1.1758522987365723
1.1612887382507324 1.0901262760162354
1.1256476640701294 1.0528737306594849
1.1048541069030762 1.1781765222549438
1.2079155445098877 1.0949336290359497
1.1882023811340332 1.351731777191162
1.2484524250030518 1.1023238897323608
1.4447041749954224 1.4982407093048096
1.4679286479949951 1.5560638904571533
1.4462871551513672 1.5575593709945679
1.4449893236160278 1.356085181236267
1.396811604499817 1.4669413566589355
1.417902946472168 1.4333598613739014
1.407287359237671 1.536362648010254
1.4061033725738525 1.477990746498108
1.4115710258483887 1.4439866542816162
1.344698190689087 1.3967792987823486
1.3884103298187256 1.4392108917236328
1.4269849061965942 1.4960627555847168
1.40897798538208 1.4810681343078613
1.4210014343261719 1.303009033203125
1.4400004148483276 1.4480583667755127
1.3727933168411255 1.3443639278411865
1.3656905889511108 1.3174378871917725
1.3759056329727173 1.4065521955490112
1.4322845935821533 1.4713343381881714
1.4330742359161377 1.530911922454834
1.4522757530212402 1.4701282978057861
1.6621516942977905 1.389813780784607
1.3609710931777954 1.288385033607483
1.3452653884887695 1.3749557733535767
1.363563060760498 1.2712392807006836
1.4398530721664429 1.3997169733047485
1.4312175512313843 1.434931993484497
1.4166547060012817 1.3643490076065063
1.4300403594970703 1.3640048503875732
1.428047776222229 1.4721907377243042
1.4452120065689087 1.4779261350631714
1.441704511642456 1.4905784130096436
1.4481310844421387 1.4005869626998901
1.4572092294692993 1.3856981992721558
1.436697244644165 1.4757565259933472
1.440510869026184 1.4468790292739868
1.4442088603973389 1.4801058769226074
1.4579318761825562 1.4787122011184692
1.4509183168411255 1.300818920135498
1.4328471422195435 1.4575481414794922
1.4554774761199951 1.4354382753372192
1.461754560470581 1.534312129020691
1.810168981552124 1.5002577304840088
1.473543405532837 1.45586097240448
1.4568202495574951 1.4471253156661987
1.4533424377441406 1.4610159397125244
1.3520190715789795 1.2160112857818604
1.3422558307647705 1.3861156702041626
1.3802038431167603 1.3945225477218628
1.4549891948699951 1.4245413541793823
1.4470306634902954 1.4601812362670898
1.3606539964675903 1.892513394355774
1.4400463104248047 1.311252474784851
1.3570441007614136 1.3851860761642456
1.373832106590271 1.4079073667526245
1.4116369485855103 1.4301884174346924
1.4666000604629517 1.4802815914154053
1.480615496635437 1.495001196861267
1.4803193807601929 1.5049024820327759
1.47929048538208 1.4787808656692505
1.4783239364624023 1.4792803525924683
1.4778937101364136 1.4794268608093262
1.4773333072662354 1.5106836557388306
1.4766099452972412 1.4792680740356445
1.377666711807251 1.39304518699646
1.1427981853485107 1.0301151275634766
1.039894938468933 1.0349253416061401
1.0387037992477417 1.0379326343536377
1.0400257110595703 1.0356228351593018
1.0305452346801758 1.0302207469940186
1.0297558307647705 1.0268745422363281
1.0296002626419067 1.029855489730835
1.0298112630844116 1.030468225479126
1.0284663438796997 1.0322939157485962
1.0284188985824585 1.0266449451446533
1.0277106761932373 1.0281225442886353
1.0287706851959229 1.0269705057144165
1.0277355909347534 1.0282670259475708
1.0282721519470215 1.0280330181121826
1.0280739068984985 1.0403199195861816
1.0282691717147827 1.0287114381790161
1.0282374620437622 1.0278253555297852
1.0279251337051392 1.0310122966766357
1.0276437997817993 1.027164101600647
1.0279028415679932 1.033896565437317
1.0278280973434448 1.0282009840011597
1.0278029441833496 1.0268901586532593
1.0276031494140625 1.0267728567123413
1.0267210006713867 1.0277836322784424
1.0270811319351196 1.032020926475525
1.0263144969940186 1.0322487354278564
1.0270657539367676 1.0277098417282104
1.0272809267044067 1.02784264087677
1.026930332183838 1.0276376008987427
1.0265848636627197 1.0328254699707031
1.0276477336883545 1.027280330657959
1.0278085470199585 1.0291903018951416
1.034928798675537 1.0272027254104614
1.0265247821807861 1.028698205947876
1.0267584323883057 1.0283730030059814
1.0269747972488403 1.0281333923339844
1.0263444185256958 1.0264581441879272
1.0261421203613281 1.0343037843704224
1.0262974500656128 1.02903413772583
1.026538372039795 1.0268820524215698
1.0268452167510986 1.0310415029525757
1.0263339281082153 1.0345592498779297
1.0260955095291138 1.0263707637786865
1.0259522199630737 1.0265777111053467
1.0260218381881714 1.0298057794570923
1.0263231992721558 1.0289497375488281
1.0260359048843384 1.0273693799972534
1.0260798931121826 1.0269181728363037
1.026538372039795 1.028524398803711
1.0260580778121948 1.0299153327941895
1.0261502265930176 1.0268735885620117
1.0261895656585693 1.0411287546157837
1.026089072227478 1.0277175903320312
1.0262761116027832 1.027343988418579
1.025702714920044 1.0273289680480957
1.0260405540466309 1.0277879238128662
1.0262176990509033 1.0281977653503418
1.0261881351470947 1.0318522453308105
1.0265473127365112 1.027488350868225
1.0261006355285645 1.0293998718261719
1.16079843044281 1.027808666229248
1.0283446311950684 1.0324574708938599
1.0259971618652344 1.0266809463500977
1.026741862297058 1.0278505086898804
1.0261890888214111 1.0276196002960205
1.0258665084838867 1.0328445434570312
1.0256186723709106 1.026968240737915
1.0261937379837036 1.0281248092651367
1.0261627435684204 1.0272241830825806
1.026126503944397 1.0267027616500854
1.0258876085281372 1.0267162322998047
1.026283860206604 1.0272759199142456
1.0257399082183838 1.0266000032424927
1.0299016237258911 1.0288175344467163
1.0289573669433594 1.027492880821228
1.0284957885742188 1.0267657041549683
1.0278692245483398 1.0273386240005493
1.029869794845581 1.0289416313171387
1.0393909215927124 1.03084397315979
1.0394858121871948 1.0276893377304077
1.0397741794586182 1.026764988899231
1.0384244918823242 1.0300360918045044
1.0409725904464722 1.0300167798995972
1.039336919784546 1.026921272277832
1.0419167280197144 1.0330876111984253
1.0384182929992676 1.032240867614746
1.0404589176177979 1.0269436836242676
1.03924560546875 1.0267797708511353
1.0391446352005005 1.0284934043884277
1.039770245552063 1.0268577337265015
1.036940097808838 1.0272873640060425
1.029229998588562 1.0300344228744507
1.0287995338439941 1.0278644561767578
1.0286542177200317 1.0281548500061035
1.0285910367965698 1.029294490814209
1.028174638748169 1.0278197526931763
1.0284162759780884 1.0266212224960327
1.0283278226852417 1.0268511772155762
1.029533863067627 1.0357816219329834
1.0297186374664307 1.0302480459213257
1.0285993814468384 1.0290559530258179
1.0289381742477417 1.0271704196929932
1.028398871421814 1.0302865505218506
1.0482256412506104 1.0500563383102417
1.042997121810913 1.0274533033370972
1.0428568124771118 1.0291324853897095
1.0438802242279053 1.0292829275131226
1.1180013418197632 1.03457772731781
1.1205443143844604 1.0344034433364868
1.121706485748291 1.0620307922363281
1.1209203004837036 1.0336006879806519
1.0384799242019653 1.02933931350708
1.1254205703735352 1.0296118259429932
1.1246166229248047 1.0613638162612915
1.1270278692245483 1.03365159034729
1.1220821142196655 1.0297598838806152
1.121820092201233 1.0314557552337646
1.1234755516052246 1.0402355194091797
1.1233325004577637 1.0307259559631348
1.1236180067062378 1.0318199396133423
1.1171191930770874 1.0345536470413208
1.1148828268051147 1.0391172170639038
1.1117868423461914 1.0444053411483765
1.1151736974716187 1.0309826135635376
1.1150712966918945 1.0411871671676636
1.1162463426589966 1.0304151773452759
1.1122387647628784 1.0477123260498047
1.1132161617279053 1.029717206954956
1.1155920028686523 1.038828730583191
1.1122491359710693 1.0412448644638062
1.1137785911560059 1.033347725868225
1.1139086484909058 1.030181646347046
1.113611102104187 1.0341883897781372
1.1127337217330933 1.0403385162353516
1.1154102087020874 1.0340675115585327
1.1122004985809326 1.0379292964935303
1.1143372058868408 1.0371880531311035
1.1173416376113892 1.0319539308547974
1.1165472269058228 1.0428874492645264
1.1167325973510742 1.0289356708526611
1.1127699613571167 1.0316241979599
1.1167306900024414 1.031423807144165
1.1115859746932983 1.0373270511627197
1.1127070188522339 1.0321985483169556
1.1147291660308838 1.0356128215789795
1.1160887479782104 1.0295785665512085
1.1153182983398438 1.0296423435211182
1.1154857873916626 1.031541347503662
1.1172940731048584 1.0680677890777588
1.1218831539154053 1.0363975763320923
1.115980625152588 1.03387451171875
1.11893892288208 1.040128231048584
1.1173579692840576 1.0369901657104492
1.1197142601013184 1.0537028312683105
1.1153115034103394 1.0437350273132324
1.1129322052001953 1.0372804403305054
1.115160584449768 1.0375679731369019
1.1123312711715698 1.0354299545288086
1.1121137142181396 1.0327855348587036
1.1148886680603027 1.0342681407928467
1.1149470806121826 1.0352789163589478
1.1144099235534668 1.0453519821166992
1.1168677806854248 1.0391055345535278
1.113247275352478 1.0333513021469116
1.1096690893173218 1.0340206623077393
1.1119920015335083 1.0483543872833252
1.1148771047592163 1.0388529300689697
1.112879991531372 1.0367183685302734
1.1141237020492554 1.0416659116744995
1.1134941577911377 1.0332857370376587
1.1152154207229614 1.039005160331726
1.110506534576416 1.033921241760254
1.114471673965454 1.0333659648895264
1.1149388551712036 1.033554196357727
1.1158729791641235 1.035187005996704
1.1117541790008545 1.0437480211257935
1.1112959384918213 1.0337269306182861
1.1137176752090454 1.0353115797042847
1.1133781671524048 1.0566432476043701
1.114233136177063 1.03989577293396
1.1101120710372925 1.0301768779754639
1.1142691373825073 1.0356264114379883
1.114829182624817 1.0475401878356934
1.1135047674179077 1.039810299873352
1.1144315004348755 1.0308935642242432
1.1141197681427002 1.0320724248886108
1.1180979013442993 1.0344144105911255
1.117898941040039 1.030041217803955
1.118544101715088 1.034149169921875
1.121153473854065 1.0355322360992432
1.112165927886963 1.0355908870697021
1.1137313842773438 1.0309747457504272
1.1116986274719238 1.034226655960083
1.1128342151641846 1.036550760269165
1.115541696548462 1.0661499500274658
1.1130106449127197 1.0410616397857666
1.2736015319824219 1.0312861204147339
1.1129757165908813 1.0595353841781616
1.109863042831421 1.0639832019805908
1.1109849214553833 1.0503523349761963
1.1138991117477417 1.058101773262024
1.1090960502624512 1.0442936420440674
1.232617735862732 1.4853161573410034
1.4571092128753662 1.4873278141021729
1.338841438293457 1.0463850498199463
1.1150881052017212 1.0507004261016846
1.1117780208587646 1.0299668312072754
1.1148574352264404 1.045513391494751
1.1114908456802368 1.033780813217163
1.1101096868515015 1.0325132608413696
1.1099541187286377 1.035851001739502
1.1118460893630981 1.0457555055618286
1.1120545864105225 1.027591586112976
1.1121208667755127 1.0845844745635986
1.1129928827285767 1.037709355354309
1.2664395570755005 1.4819188117980957
1.4583295583724976 1.4803926944732666
1.4582706689834595 1.4944850206375122
1.4570027589797974 1.4923135042190552
1.4573357105255127 1.4878793954849243
1.4570636749267578 1.4843233823776245
1.4570839405059814 1.4799612760543823
1.4723999500274658 1.4788804054260254
1.4748754501342773 1.4814690351486206
1.4744101762771606 1.4807798862457275
1.4741051197052002 1.479426383972168
1.4744645357131958 1.483624815940857
1.4737149477005005 1.4789677858352661
