2.0769295692443848 3.562711715698242
1.1397602558135986 1.0724247694015503
1.109642744064331 1.0692219734191895
1.086287021636963 1.0773247480392456
1.0613343715667725 4.204679489135742
1.07912278175354 0.9917877316474915
1.1358890533447266 0.9785961508750916
0.9406687021255493 51.306339263916016
0.8332011103630066 13.676190376281738
0.7251653075218201 0.6143209338188171
0.6365513801574707 0.6330143213272095
0.5645954012870789 0.5823084712028503
0.5388442873954773 0.44691503047943115
0.5034106969833374 0.37515053153038025
0.46887481212615967 0.40713784098625183
0.4302555024623871 0.31132441759109497
0.4172751307487488 0.36852240562438965
0.40400809049606323 0.42915916442871094
0.3838173449039459 0.3220953047275543
0.3738778829574585 0.2987174689769745
0.36088451743125916 0.32428184151649475
0.34876519441604614 0.28211504220962524
0.3437524139881134 0.4075513184070587
0.33717119693756104 0.36667147278785706
0.3273029923439026 0.2701463997364044
0.32410234212875366 0.3359586298465729
0.3216176927089691 0.30846458673477173
0.3223554790019989 0.2795541286468506
0.30930227041244507 0.28078460693359375
0.3062979578971863 0.25702252984046936
0.29959583282470703 0.24305276572704315
0.2948756814002991 0.26986488699913025
0.29884952306747437 0.3094014525413513
0.29406899213790894 0.270847886800766
0.29256415367126465 0.35947665572166443
0.28777673840522766 0.3642547130584717
0.28688845038414 0.3386420011520386
0.2864137887954712 0.2665432095527649
0.281091570854187 0.2278113067150116
0.3071185052394867 0.23905007541179657
0.2741098403930664 0.2498471736907959
0.27397680282592773 0.24322475492954254
0.2678337097167969 0.2396143078804016
0.2696447968482971 0.24128283560276031
0.26657819747924805 0.22706109285354614
0.26728588342666626 0.2492423951625824
0.2675318121910095 0.23224827647209167
0.2627047002315521 0.23191261291503906
0.2614503502845764 0.22285088896751404
0.2554153800010681 0.23398540914058685
0.2596408724784851 0.22264814376831055
0.2561333179473877 0.23235736787319183
0.2563592493534088 0.21497681736946106
0.25074100494384766 0.22554349899291992
0.2508910596370697 0.23078471422195435
0.2505283057689667 0.22782626748085022
0.24847926199436188 0.30156975984573364
0.24879090487957 0.21088211238384247
0.24249550700187683 0.2320435643196106
0.2471569925546646 0.24634361267089844
0.24236315488815308 0.2315932661294937
0.24537557363510132 0.22877398133277893
0.245147243142128 0.21660113334655762
0.23654545843601227 0.3842441439628601
0.236714169383049 0.27809810638427734
0.2383936494588852 0.24820159375667572
0.2408500760793686 0.2274482697248459
0.23860569298267365 0.36034131050109863
0.23107314109802246 0.28467822074890137
0.23255287110805511 0.20757213234901428
0.22891372442245483 0.22551481425762177
0.23035229742527008 0.2631674110889435
0.22790879011154175 0.3079333007335663
0.23206397891044617 0.2126278281211853
0.2271808683872223 0.2115180641412735
0.2273469716310501 0.2724347412586212
0.2281956970691681 0.21115553379058838
0.22203826904296875 0.21018560230731964
0.22404037415981293 0.22400788962841034
0.2249739170074463 0.23893752694129944
0.21805070340633392 0.23254907131195068
0.22157512605190277 0.23718400299549103
0.2214081585407257 0.20689858496189117
0.2208608090877533 0.2668468654155731
0.21919870376586914 0.34712517261505127
0.21599066257476807 0.26470986008644104
0.21932277083396912 0.20216630399227142
0.2174750566482544 0.22593487799167633
0.21609120070934296 0.21167699992656708
0.21870003640651703 0.22232270240783691
0.21092744171619415 0.19605958461761475
0.21624813973903656 0.21526464819908142
0.21393272280693054 0.2934279441833496
0.20899315178394318 0.21047459542751312
0.21304164826869965 0.22936777770519257
0.21163156628608704 0.2106228768825531
0.21065425872802734 0.22478806972503662
0.20950965583324432 0.2211586982011795
0.21044909954071045 0.2051135003566742
0.20745795965194702 0.22346366941928864
0.20715731382369995 0.21554002165794373
0.20480921864509583 0.21618816256523132
0.2082139551639557 0.19088473916053772
0.20515981316566467 0.3208625912666321
0.20890553295612335 0.24507270753383636
0.2025936394929886 0.24688132107257843
0.20090967416763306 0.19429917633533478
0.20221655070781708 0.19100797176361084
0.20571058988571167 0.20935828983783722
0.2029256820678711 0.20090264081954956
0.20309267938137054 0.24254785478115082
0.20382948219776154 0.22636955976486206
0.2001570165157318 0.23099114000797272
0.20081597566604614 0.22403579950332642
0.1992359608411789 0.24866950511932373
0.19944758713245392 0.23844000697135925
0.19525636732578278 0.23957228660583496
0.1992887556552887 0.22141773998737335
0.19915713369846344 0.2076333612203598
0.19683890044689178 0.21237891912460327
0.19749148190021515 0.2029665857553482
0.199419304728508 0.22253581881523132
0.19355644285678864 0.2435021847486496
