1.797999620437622 1.479844570159912
1.5195155143737793 1.4873738288879395
1.5253236293792725 1.4819233417510986
1.5205821990966797 1.484836220741272
1.520849347114563 1.480804681777954
1.516780138015747 1.4811437129974365
1.5069007873535156 1.479343295097351
1.5031124353408813 1.4795821905136108
1.4902859926223755 1.4805519580841064
1.4809733629226685 1.4952499866485596
1.4769128561019897 1.4795283079147339
1.4724910259246826 1.481671690940857
1.4703556299209595 1.4797656536102295
1.470800518989563 1.5047215223312378
1.4701162576675415 1.479813575744629
1.4686323404312134 1.4893935918807983
1.4668972492218018 1.4812617301940918
1.4661904573440552 1.4873043298721313
1.46346116065979 1.496342658996582
1.4539326429367065 1.2540749311447144
1.3494203090667725 1.3806554079055786
1.353905439376831 1.376304030418396
1.3521881103515625 1.3791961669921875
1.3505913019180298 1.3757857084274292
1.3507978916168213 1.3639599084854126
1.3327455520629883 1.23265540599823
1.2178337574005127 1.2211021184921265
1.2478865385055542 1.1815706491470337
1.2180914878845215 1.1353788375854492
1.219877004623413 1.1388120651245117
1.2188209295272827 1.1435470581054688
1.1992558240890503 1.1155389547348022
1.1940847635269165 1.1291465759277344
1.3334470987319946 1.4743531942367554
1.4628514051437378 1.4609625339508057
1.4590659141540527 1.4844393730163574
1.4674650430679321 1.4816555976867676
1.4683141708374023 1.4850515127182007
1.4680404663085938 1.4842778444290161
1.469029426574707 1.485907793045044
1.4661155939102173 1.4796913862228394
1.467951774597168 1.478814721107483
1.4682966470718384 1.4808298349380493
1.4666823148727417 1.4791368246078491
1.4666134119033813 1.489411473274231
1.4689476490020752 1.4789707660675049
1.468631625175476 1.4812021255493164
1.4678685665130615 1.486106276512146
1.4693461656570435 1.4836194515228271
1.4697803258895874 1.4812124967575073
1.4691203832626343 1.5009942054748535
1.4697866439819336 1.4788306951522827
1.466675043106079 1.4833943843841553
1.4653558731079102 1.4933472871780396
1.3442389965057373 1.173907995223999
1.2424297332763672 1.1811680793762207
1.2337510585784912 1.1400364637374878
1.2197062969207764 1.1238141059875488
1.3044631481170654 1.238679051399231
1.3110640048980713 1.2497016191482544
1.3165358304977417 1.2462713718414307
1.2432352304458618 1.0447871685028076
1.4043632745742798 1.4808465242385864
1.4678118228912354 1.4786752462387085
1.4664160013198853 1.479514241218567
1.4679170846939087 1.5031907558441162
1.467668890953064 1.4784687757492065
1.4384845495224 1.1968954801559448
1.414753794670105 1.4792730808258057
1.4652091264724731 1.4861382246017456
1.4669570922851562 1.480887532234192
1.4657236337661743 1.4805558919906616
1.4649217128753662 1.4894386529922485
1.4647878408432007 1.4821323156356812
1.4643033742904663 1.482867956161499
1.4643495082855225 1.4805474281311035
1.4629994630813599 1.4790908098220825
1.474161982536316 1.4806900024414062
1.474157452583313 1.4790515899658203
1.474143385887146 1.4834824800491333
1.4753516912460327 1.496227502822876
1.4747458696365356 1.4801108837127686
1.4747980833053589 1.4816093444824219
1.4744220972061157 1.489987850189209
1.474348783493042 1.4798545837402344
1.4736868143081665 1.4790856838226318
1.47416353225708 1.4801881313323975
1.4741649627685547 1.4793472290039062
1.4739799499511719 1.48772394657135
1.4736281633377075 1.4835635423660278
1.4736074209213257 1.5297492742538452
1.4736090898513794 1.4784653186798096
1.474234700202942 1.480508804321289
1.4736218452453613 1.4825315475463867
1.473842978477478 1.4819910526275635
1.4740345478057861 1.4835902452468872
1.4733092784881592 1.479691982269287
1.4738599061965942 1.4801757335662842
1.4718358516693115 1.479884386062622
1.468470811843872 1.479818344116211
