1.858720302581787 1.3427773714065552
1.3797671794891357 1.3348287343978882
1.3680726289749146 1.339647889137268
1.4296027421951294 1.4968007802963257
1.514401912689209 1.5685895681381226
1.5030590295791626 1.4810960292816162
1.5025930404663086 1.486457347869873
1.4796128273010254 1.4755078554153442
1.4769471883773804 1.4884196519851685
1.4744319915771484 1.4693126678466797
1.477311372756958 1.4943243265151978
1.4798089265823364 1.4793707132339478
1.4770264625549316 1.4797017574310303
1.4742604494094849 1.47771155834198
1.4785364866256714 1.4830721616744995
1.4788932800292969 1.4730364084243774
1.467834234237671 1.488906741142273
1.4692944288253784 1.4398071765899658
1.468231439590454 1.4881516695022583
1.4764604568481445 1.5023759603500366
1.4747450351715088 1.478823184967041
1.4734570980072021 1.4786267280578613
1.4737343788146973 1.4785771369934082
1.4733457565307617 1.4790616035461426
1.47354257106781 1.4785794019699097
1.4736838340759277 1.4790502786636353
1.4740204811096191 1.4783934354782104
1.4736645221710205 1.4785269498825073
1.4735828638076782 1.4786183834075928
1.4738738536834717 1.4827779531478882
1.47329843044281 1.4785622358322144
1.473048448562622 1.4796253442764282
1.4733842611312866 1.4785552024841309
1.4734944105148315 1.4785799980163574
1.47312593460083 1.4788968563079834
1.4736886024475098 1.4790966510772705
1.4732311964035034 1.4784685373306274
1.4735182523727417 1.4786500930786133
1.4732691049575806 1.4832313060760498
1.4731836318969727 1.478596568107605
1.4732856750488281 1.478432536125183
1.4733586311340332 1.478611946105957
1.473077654838562 1.4868104457855225
1.4734491109848022 1.4784809350967407
1.4730372428894043 1.4837244749069214
1.4737389087677002 1.4783879518508911
1.4738671779632568 1.478682279586792
1.4730197191238403 1.478397250175476
1.4732199907302856 1.4785000085830688
1.4730873107910156 1.4788002967834473
1.4737039804458618 1.4785115718841553
1.4727269411087036 1.4783929586410522
1.47310471534729 1.4785335063934326
1.472900629043579 1.478798270225525
1.473003625869751 1.4790825843811035
1.4734781980514526 1.478646159172058
1.4734638929367065 1.4785943031311035
1.4733870029449463 1.4784101247787476
1.4729554653167725 1.4794319868087769
1.4733221530914307 1.4786276817321777
1.4732942581176758 1.4790250062942505
1.473744511604309 1.480037808418274
1.4730634689331055 1.478429913520813
1.4733951091766357 1.4789979457855225
1.472999095916748 1.478739619255066
1.4733684062957764 1.480173110961914
1.4730956554412842 1.478861689567566
1.4731991291046143 1.4783873558044434
1.4732253551483154 1.478408694267273
1.4737290143966675 1.4783879518508911
1.4729448556900024 1.4784023761749268
1.4735352993011475 1.4784103631973267
1.4733563661575317 1.4787132740020752
1.4731980562210083 1.4794106483459473
1.4735671281814575 1.4788079261779785
1.4733914136886597 1.4790312051773071
1.4731340408325195 1.4783892631530762
1.4732528924942017 1.479498028755188
1.4727983474731445 1.4826815128326416
1.4732494354248047 1.4797022342681885
1.4732719659805298 1.478873610496521
1.4734781980514526 1.4784115552902222
1.4731879234313965 1.4785256385803223
1.4728593826293945 1.4786959886550903
1.4731427431106567 1.479339361190796
1.4733456373214722 1.4785233736038208
1.473217248916626 1.4785329103469849
1.4732142686843872 1.4785284996032715
1.4728809595108032 1.4785077571868896
1.4732638597488403 1.4784590005874634
1.4734684228897095 1.4786592721939087
1.4729524850845337 1.4789129495620728
1.473354458808899 1.478639006614685
1.4735344648361206 1.4786466360092163
1.4730271100997925 1.4786152839660645
1.472878098487854 1.478811502456665
1.4731417894363403 1.480299472808838
1.473291039466858 1.4783990383148193
1.4731343984603882 1.4784841537475586
1.4730089902877808 1.4784687757492065
1.4728606939315796 1.4784660339355469
1.473343014717102 1.478537917137146
1.4731194972991943 1.4784598350524902
1.4724440574645996 1.4810346364974976
1.4732335805892944 1.4783943891525269
1.4733338356018066 1.478561520576477
1.4729015827178955 1.4786380529403687
1.4727962017059326 1.478503704071045
1.4730342626571655 1.4784021377563477
1.472900629043579 1.4808006286621094
1.472986102104187 1.4783902168273926
1.472994089126587 1.4812767505645752
1.4728069305419922 1.478611946105957
1.47343111038208 1.478908896446228
1.473160743713379 1.4787472486495972
1.472693681716919 1.4784021377563477
1.4728143215179443 1.4791358709335327
1.4730359315872192 1.4786962270736694
1.4727877378463745 1.478864312171936
1.4728713035583496 1.4788718223571777
1.4727234840393066 1.4792137145996094
1.4729950428009033 1.479251503944397
1.4731048345565796 1.4783998727798462
1.4728913307189941 1.4785516262054443
1.4727519750595093 1.478439450263977
1.4727543592453003 1.4787930250167847
1.472865343093872 1.4798372983932495
1.4730335474014282 1.4799606800079346
1.472590684890747 1.4784098863601685
1.4733097553253174 1.4785475730895996
1.4730297327041626 1.4783934354782104
1.4726521968841553 1.4784197807312012
1.4728186130523682 1.4783941507339478
1.4725618362426758 1.478964924812317
1.4725751876831055 1.4784412384033203
1.4731497764587402 1.4784032106399536
1.4727343320846558 1.478410005569458
1.4730485677719116 1.4786806106567383
1.4723905324935913 1.4784296751022339
1.4734604358673096 1.4783878326416016
1.4726171493530273 1.5813285112380981
1.472403645515442 1.479095220565796
1.4729728698730469 1.4787479639053345
1.4731450080871582 1.4799202680587769
1.4726413488388062 1.479401707649231
1.4731788635253906 1.4786369800567627
1.4729419946670532 1.4787417650222778
1.4726159572601318 1.4789748191833496
1.4726126194000244 1.4785041809082031
1.4727859497070312 1.4784141778945923
