3350.8818359375 1.8514050245285034
1.5538352727890015 1.4252616167068481
1.3210029602050781 1.2790154218673706
1.2991011142730713 1.4558427333831787
1.3041294813156128 1.3321424722671509
1.2962985038757324 1.4998668432235718
1.3011348247528076 1.4117708206176758
1.3005234003067017 1.2524648904800415
1.3019927740097046 1.3155937194824219
1.2999017238616943 1.4098681211471558
1.3000693321228027 1.271875262260437
1.2990275621414185 1.2807061672210693
1.3038381338119507 1.3866806030273438
1.2993494272232056 1.2637763023376465
1.2974839210510254 1.2690602540969849
1.3022782802581787 1.2511669397354126
1.2996299266815186 1.2543107271194458
1.3008114099502563 1.2516109943389893
1.300472617149353 1.2510693073272705
1.3002716302871704 1.4939377307891846
