1.5924668312072754 1.510534405708313
1.6885076761245728 1.4843230247497559
1.4817571640014648 1.4760502576828003
1.501407504081726 1.4787116050720215
1.4875704050064087 1.4807047843933105
1.4849590063095093 1.49193274974823
1.4818898439407349 1.4782888889312744
1.4782732725143433 1.5102553367614746
1.2933961153030396 1.294893741607666
1.2340657711029053 1.1198434829711914
1.2267913818359375 1.1278655529022217
1.1420269012451172 1.068795084953308
1.0944843292236328 1.0216624736785889
1.1891144514083862 1.3737126588821411
1.2486673593521118 1.2071056365966797
1.1581324338912964 1.250604271888733
1.1163374185562134 1.0807132720947266
1.3670886754989624 1.699360966682434
1.4796491861343384 1.725446105003357
1.478460669517517 1.4769788980484009
1.4742299318313599 1.5352095365524292
1.4519739151000977 53.197959899902344
1.4742631912231445 1.5086262226104736
1.470816969871521 6.486883163452148
1.474023699760437 173.316162109375
1.4669137001037598 1.4948413372039795
1.4743551015853882 3.85762882232666
1.4741263389587402 1.7211270332336426
1.473476529121399 1.484243631362915
1.4718470573425293 1.5456982851028442
1.4736731052398682 1.4867733716964722
1.474067211151123 1.475301742553711
1.4729877710342407 1.487119197845459
1.471991777420044 1.4885623455047607
1.4729334115982056 1.4794176816940308
1.4729098081588745 1.478488564491272
1.4728280305862427 1.4792003631591797
1.472825050354004 1.4785547256469727
1.472762107849121 1.4787919521331787
1.4727641344070435 1.4802758693695068
1.472544550895691 1.4784059524536133
1.4727357625961304 1.4783941507339478
1.4725857973098755 1.4808635711669922
1.4728150367736816 1.4792242050170898
1.4727107286453247 1.4788691997528076
1.4725234508514404 1.4785441160202026
1.472669243812561 1.4793596267700195
1.4727177619934082 1.478585958480835
1.4725621938705444 1.479757308959961
1.4726824760437012 1.4784389734268188
1.4728004932403564 1.4784046411514282
1.4726320505142212 1.4783917665481567
1.4727014303207397 1.4783915281295776
1.4727033376693726 1.4786591529846191
1.4726848602294922 1.4784820079803467
1.4725595712661743 1.4784361124038696
1.472694993019104 1.4784425497055054
1.4725141525268555 1.4785994291305542
1.4725672006607056 1.479629397392273
1.4726712703704834 1.4784032106399536
1.4725977182388306 1.4784095287322998
1.4726742506027222 1.4794799089431763
1.472656011581421 1.4785516262054443
1.4725463390350342 1.478572964668274
1.4725964069366455 1.478965401649475
1.4727195501327515 1.4784739017486572
1.4726520776748657 1.4788230657577515
1.4725936651229858 1.478389024734497
1.4726176261901855 1.480419397354126
1.4725325107574463 1.4786686897277832
1.4724960327148438 1.4788240194320679
1.472517490386963 1.4784221649169922
1.472485899925232 1.4784736633300781
1.4725849628448486 1.4784168004989624
1.4725114107131958 1.4794700145721436
1.4725987911224365 1.4786502122879028
1.4725795984268188 1.478387713432312
1.4724760055541992 1.4784764051437378
1.4724678993225098 1.4793983697891235
1.4725561141967773 1.4786540269851685
1.4725781679153442 1.478386640548706
1.4724605083465576 1.4791016578674316
1.472435712814331 1.4786183834075928
1.4725751876831055 1.4784228801727295
1.4725313186645508 1.4783974885940552
1.4725199937820435 1.4783910512924194
1.4724345207214355 1.4784852266311646
1.472522258758545 1.4792014360427856
1.4724856615066528 1.4785324335098267
1.4723434448242188 1.4785653352737427
1.4725075960159302 1.478439450263977
1.4725046157836914 1.4788317680358887
1.4724366664886475 1.4788085222244263
1.4725273847579956 1.4785029888153076
1.4724520444869995 1.478501796722412
1.472444772720337 1.4786629676818848
1.47246253490448 1.4786959886550903
1.4724459648132324 1.4788237810134888
1.4725494384765625 1.4784258604049683
1.4724160432815552 1.4783971309661865
1.4725253582000732 1.478451132774353
1.4725821018218994 1.4784035682678223
1.4725337028503418 1.4783947467803955
1.4724574089050293 1.4784572124481201
1.4723575115203857 1.480861783027649
1.4725134372711182 1.4784150123596191
1.472474455833435 1.4790081977844238
1.4724847078323364 1.4784114360809326
1.47255539894104 1.4791698455810547
1.4724533557891846 1.4787211418151855
1.4724972248077393 1.479463815689087
1.4725536108016968 1.4784005880355835
1.472510814666748 1.4790164232254028
1.4724438190460205 1.479198694229126
1.4724247455596924 1.478403091430664
1.4725110530853271 1.4787527322769165
1.472370982170105 1.4785120487213135
1.4724185466766357 1.4785140752792358
1.4724533557891846 1.4793812036514282
1.472419023513794 1.4786475896835327
1.4724793434143066 1.4784047603607178
1.4724268913269043 1.478389859199524
1.4724236726760864 1.478650689125061
1.4724006652832031 1.4784977436065674
1.4725149869918823 1.4783886671066284
1.4723800420761108 1.4792890548706055
1.4725053310394287 1.479267954826355
1.4724020957946777 1.4797743558883667
1.4725252389907837 1.4784884452819824
1.4723775386810303 1.4785394668579102
1.4724458456039429 1.4784895181655884
1.4723868370056152 1.4796684980392456
1.4724254608154297 1.478407621383667
1.4724699258804321 1.4784431457519531
1.472417950630188 1.478408932685852
1.4724624156951904 1.4793806076049805
1.4723578691482544 1.4784210920333862
1.4724589586257935 1.4786834716796875
1.4723740816116333 1.478796362876892
1.4724849462509155 1.4795664548873901
1.4723764657974243 1.4802393913269043
1.4723174571990967 1.4789332151412964
1.472477912902832 1.4786027669906616
1.4723742008209229 1.478387475013733
1.472377896308899 1.4783942699432373
1.4723386764526367 1.4785497188568115
1.472507119178772 1.4785411357879639
1.4724661111831665 1.4791653156280518
1.472440242767334 1.478595495223999
1.472409725189209 1.479579210281372
