2.0774142742156982 3.016890525817871
1.2692503929138184 1.019794225692749
0.9953976273536682 0.7615160346031189
0.8439030647277832 0.7146185040473938
0.7871973514556885 0.6930922269821167
0.7373849749565125 0.5946400761604309
0.6746818423271179 0.5617251396179199
0.6156094670295715 0.45518237352371216
0.564643919467926 0.45780783891677856
0.5416397452354431 0.46119633316993713
0.5232124328613281 0.42450153827667236
0.49031463265419006 0.43526995182037354
0.48501938581466675 0.4133211076259613
0.4711454212665558 0.4926799237728119
0.45732855796813965 0.4747888445854187
0.44396060705184937 0.41311031579971313
0.4298081398010254 0.4114396274089813
0.421933114528656 0.34514135122299194
0.4156765937805176 0.37003293633461
0.40422800183296204 0.40478941798210144
0.40208911895751953 0.3629601001739502
0.3957763612270355 0.3473197817802429
0.3841720223426819 0.41260775923728943
0.37692347168922424 0.317703515291214
0.37623804807662964 0.4625583589076996
0.36953577399253845 0.3309606909751892
0.3646727204322815 0.3413333594799042
0.3614290952682495 0.3710504174232483
0.35607409477233887 0.4152129590511322
0.34950700402259827 0.3021352291107178
0.34350764751434326 0.38627421855926514
0.34160277247428894 0.31035858392715454
0.33606022596359253 0.31668543815612793
0.3287149965763092 0.308747261762619
0.32165244221687317 0.32897764444351196
0.49155402183532715 0.3145209848880768
0.31689706444740295 0.2760224938392639
0.3079649806022644 0.2718575894832611
0.3103952407836914 0.3532710373401642
0.36013859510421753 0.35497286915779114
0.3816811740398407 0.29649099707603455
0.31509289145469666 0.3115523159503937
0.30018141865730286 0.33012741804122925
0.29340019822120667 0.2710719704627991
0.2917211055755615 0.2879454493522644
0.2889274060726166 0.2549145817756653
0.3119586110115051 0.25781622529029846
0.2822116017341614 0.4478122591972351
0.2957836985588074 0.2792055904865265
0.28286081552505493 0.2746359407901764
0.28517550230026245 0.25604531168937683
0.2742331027984619 0.28517401218414307
0.279106467962265 0.32408589124679565
0.28673499822616577 0.29275450110435486
4.555141448974609 0.3710162341594696
0.29964426159858704 0.24992720782756805
0.2729741334915161 0.27182143926620483
0.26419898867607117 0.28859755396842957
0.2651648223400116 0.2770574390888214
0.2591041028499603 0.2636120021343231
0.25483831763267517 0.26227036118507385
0.2496316283941269 0.2710501551628113
0.2553635239601135 0.23046544194221497
0.24880780279636383 0.2844555377960205
0.24909788370132446 0.23890329897403717
0.24490922689437866 0.2775447964668274
0.24547316133975983 0.2314828634262085
0.24829134345054626 0.21757763624191284
0.24126684665679932 0.2665659785270691
0.2440270036458969 0.26526573300361633
0.24152059853076935 0.2400704026222229
0.23749543726444244 0.24018588662147522
0.2381983995437622 0.2547047734260559
0.23454567790031433 0.2218296378850937
0.23270826041698456 0.2270934134721756
0.234056293964386 0.2416420429944992
0.23335766792297363 0.2644742727279663
0.24182642996311188 0.24765603244304657
0.23528291285037994 0.3417374789714813
0.2313666194677353 0.33190014958381653
0.23032152652740479 0.2627790570259094
0.2296566218137741 0.3297491669654846
0.23059134185314178 0.2133122682571411
0.22863833606243134 0.3319913148880005
0.22747743129730225 0.24030716717243195
0.22544725239276886 0.20989644527435303
0.22484923899173737 0.2273116111755371
0.22245126962661743 0.2299366444349289
0.22402916848659515 0.22293677926063538
0.22541910409927368 0.2177899181842804
0.22313596308231354 0.22082065045833588
0.22071948647499084 0.22827625274658203
0.22155797481536865 0.2544029951095581
0.22283223271369934 0.21056821942329407
0.22259145975112915 0.23271243274211884
0.22086083889007568 0.2506077289581299
0.2187817245721817 0.3439983129501343
0.2193242758512497 0.20993849635124207
0.21915623545646667 0.2176363617181778
0.2195599228143692 0.21541281044483185
0.21726040542125702 0.22381152212619781
0.21692894399166107 0.21547065675258636
0.21879267692565918 0.27001410722732544
0.21528415381908417 0.23237520456314087
0.2150101214647293 0.25672647356987
0.21440201997756958 0.23332232236862183
0.2145598828792572 0.2274143099784851
0.2131786197423935 0.21596845984458923
0.21431846916675568 0.248999685049057
0.21258462965488434 0.26643574237823486
0.21298833191394806 0.20422141253948212
0.21138332784175873 0.22625626623630524
0.21326693892478943 0.2121642827987671
0.210053950548172 0.21907681226730347
0.20880016684532166 0.2086644470691681
0.21538345515727997 0.21617799997329712
0.21007788181304932 0.220847487449646
0.20948457717895508 0.21375873684883118
0.20719312131404877 0.21729235351085663
0.20924335718154907 0.2092745453119278
0.20943047106266022 0.21463268995285034
0.20676888525485992 0.22234559059143066
0.2093040645122528 0.21006038784980774
0.2068495750427246 0.2642083466053009
0.20671693980693817 0.19915318489074707
0.20550504326820374 0.24395057559013367
0.20711839199066162 0.20333610475063324
0.20335540175437927 0.2001838982105255
0.20664450526237488 0.19967839121818542
0.20416250824928284 0.19956952333450317
0.20469346642494202 0.2880186140537262
0.20316502451896667 0.2144118696451187
0.20286035537719727 0.2100580781698227
0.2026991993188858 0.21613892912864685
0.2033093124628067 0.2143668830394745
0.20305302739143372 0.2191779911518097
0.20357199013233185 0.20069825649261475
0.20270484685897827 0.21800631284713745
0.20177672803401947 0.22425027191638947
0.20177195966243744 0.22573037445545197
0.2007620483636856 0.2545301616191864
0.20078715682029724 0.20544330775737762
0.2011185586452484 0.21351327002048492
0.2000827193260193 0.24076198041439056
0.20025008916854858 0.28254055976867676
0.200830340385437 0.20720027387142181
0.19877834618091583 0.23102228343486786
0.19778132438659668 0.2081724852323532
0.1975555270910263 0.1936168223619461
0.1981506645679474 0.1902497112751007
0.19834327697753906 0.19359689950942993
0.19841794669628143 0.20814399421215057
0.19614745676517487 0.22029972076416016
0.19783902168273926 0.1998867392539978
0.19698786735534668 0.22984491288661957
0.19715136289596558 0.23872412741184235
0.19622795283794403 0.21027490496635437
0.19577980041503906 0.1970212459564209
0.19635340571403503 0.18739132583141327
0.19583165645599365 0.19332072138786316
0.1946195811033249 0.2278047353029251
0.1965220868587494 0.1969137191772461
0.1938796192407608 0.21323874592781067
0.195283904671669 0.1988409012556076
0.19458940625190735 0.21739782392978668
0.193730890750885 0.2122877538204193
0.19471703469753265 0.2632623314857483
0.19239307940006256 0.1889476329088211
0.19141033291816711 0.22324487566947937
0.1926276683807373 0.187264546751976
0.19130106270313263 0.19302405416965485
0.19123686850070953 0.19376972317695618
0.19311553239822388 0.1942019909620285
0.19236969947814941 0.21712112426757812
0.19130845367908478 0.25551873445510864
0.19277888536453247 0.19617751240730286
0.19169482588768005 0.20942546427249908
0.1919938623905182 0.18603859841823578
0.19232921302318573 0.23416250944137573
0.19019752740859985 0.19037023186683655
0.19099828600883484 0.24752110242843628
0.19009408354759216 0.22078928351402283
0.1896454244852066 0.19080187380313873
0.19068723917007446 0.18826347589492798
0.18829345703125 0.18922929465770721
0.18788346648216248 0.2104547768831253
0.1878035068511963 0.23065538704395294
0.18869836628437042 0.20514747500419617
0.18683257699012756 0.19429054856300354
0.1899724155664444 0.21045085787773132
0.18810836970806122 0.24706672132015228
0.18725153803825378 0.20642589032649994
0.1864711493253708 0.19267424941062927
0.18836863338947296 0.22044694423675537
0.18791228532791138 0.2533275783061981
0.1871345341205597 0.21838915348052979
0.18600134551525116 0.19125008583068848
0.18675850331783295 0.2097797840833664
0.18576057255268097 0.1880807727575302
0.1883258819580078 0.19348031282424927
0.18819813430309296 0.20632535219192505
0.18631190061569214 0.2035612165927887
0.18541263043880463 0.2521873116493225
0.18522962927818298 0.18900911509990692
0.18310454487800598 0.209142804145813
0.1849776953458786 0.19481466710567474
0.18427564203739166 0.19647546112537384
0.18364101648330688 0.20292219519615173
0.18380065262317657 0.22773201763629913
0.184615820646286 0.21268755197525024
0.18546700477600098 0.20029227435588837
0.1851486712694168 0.2586608827114105
0.18345339596271515 0.20063823461532593
0.18443278968334198 0.21375368535518646
0.18300385773181915 0.21972200274467468
0.18240997195243835 0.19286006689071655
0.1833783984184265 0.1894208788871765
0.18222515285015106 0.19519571959972382
0.1821993738412857 0.18399591743946075
0.18280617892742157 0.21674101054668427
0.18116669356822968 0.20450899004936218
0.1817331463098526 0.2011709213256836
0.18241748213768005 0.19266721606254578
0.18249300122261047 0.2174144983291626
0.18139168620109558 0.1896766722202301
0.18194246292114258 0.20130077004432678
0.1816340535879135 0.22082200646400452
0.18001402914524078 0.18033140897750854
0.18180537223815918 0.20858892798423767
0.18179164826869965 0.1822347193956375
0.17960689961910248 0.18685372173786163
0.18019656836986542 0.303374320268631
0.18075188994407654 0.21515466272830963
0.18148371577262878 0.2220132201910019
0.18103750050067902 0.1886233538389206
0.17969995737075806 0.1956268846988678
0.1794518679380417 0.24037864804267883
0.1791694462299347 0.18619227409362793
0.1783660650253296 0.19291816651821136
0.17844927310943604 0.1825105994939804
0.1774301826953888 0.20412838459014893
0.1782173365354538 0.25642305612564087
0.1799226999282837 0.1975902020931244
0.17844372987747192 0.194737046957016
0.17969685792922974 0.1782047599554062
0.17858722805976868 0.22080549597740173
0.18029485642910004 0.20264147222042084
0.1785900592803955 0.2040124386548996
0.17884117364883423 0.24999722838401794
0.1765524297952652 0.2003549337387085
0.17838028073310852 0.40438729524612427
0.17705850303173065 0.23289290070533752
0.17667602002620697 0.1946694552898407
0.17830471694469452 0.18695110082626343
0.17750564217567444 0.22584229707717896
0.17766882479190826 0.2327483594417572
0.1755237579345703 0.20346316695213318
0.17680473625659943 0.19785809516906738
0.17704053223133087 0.2206270843744278
0.17619717121124268 0.19565849006175995
0.1762155294418335 0.19477535784244537
0.17740237712860107 0.18749743700027466
0.17658601701259613 0.2060403972864151
0.17781461775302887 0.2047416716814041
0.17643946409225464 0.1904812753200531
0.17573334276676178 0.1837151199579239
0.1767779141664505 0.19007982313632965
0.17449848353862762 0.19209690392017365
0.1751539409160614 0.23038874566555023
0.17606420814990997 0.21269433200359344
0.17582964897155762 0.2071625292301178
0.1750584989786148 0.18562789261341095
0.17637822031974792 0.183153435587883
0.17517419159412384 0.18208013474941254
0.17311209440231323 0.2265571504831314
0.17501401901245117 0.25257420539855957
0.17481538653373718 0.18346329033374786
0.17720000445842743 0.18364942073822021
0.17462503910064697 0.2165338546037674
0.17464210093021393 0.20434163510799408
0.1747020035982132 0.22981174290180206
0.17390839755535126 0.2192782163619995
0.1726056933403015 0.19393092393875122
0.17422524094581604 0.20522621273994446
0.17545728385448456 0.1942266970872879
0.1737688183784485 0.23187990486621857
0.1742572784423828 0.20794036984443665
0.173406183719635 0.1934063881635666
0.1732926070690155 0.19725637137889862
0.17197027802467346 0.2154940813779831
0.17214076220989227 0.1909729242324829
0.1745990663766861 0.18523184955120087
0.17244985699653625 0.1902361661195755
0.17283211648464203 0.19535018503665924
0.172339528799057 0.18544632196426392
0.1722177416086197 0.18781337141990662
0.17240403592586517 0.17931514978408813
0.17112696170806885 0.2161567509174347
0.1693219244480133 0.20157760381698608
0.17071616649627686 0.18773913383483887
