2.053823232650757 1.4621467590332031
1.317507028579712 1.0980143547058105
1.1446818113327026 1.1875706911087036
1.0821692943572998 1.0520532131195068
1.0754812955856323 1.0897760391235352
1.065406084060669 1.1407455205917358
1.054497480392456 1.027646541595459
1.107002854347229 1.0733760595321655
1.0533431768417358 1.2107627391815186
1.0575041770935059 1.034273624420166
1.0526517629623413 1.0389631986618042
1.0529062747955322 1.0393352508544922
1.0536863803863525 1.0257567167282104
1.054744005203247 1.0792967081069946
1.0525720119476318 1.148112416267395
1.0490437746047974 1.1500046253204346
1.048149824142456 1.031293272972107
1.0443748235702515 1.0601227283477783
1.04349946975708 1.066125512123108
1.0543057918548584 1.0347057580947876
1.0459085702896118 1.0262428522109985
1.0541493892669678 1.3808403015136719
1.0579183101654053 1.052035927772522
1.0441203117370605 1.0444622039794922
1.0468088388442993 1.0785090923309326
1.0441889762878418 1.16500985622406
1.0471100807189941 1.0358595848083496
1.0516469478607178 1.0329124927520752
1.0436278581619263 1.0866426229476929
1.040187120437622 1.131928563117981
1.049832820892334 1.0194863080978394
1.0465195178985596 1.1866689920425415
1.0382086038589478 1.1406720876693726
1.0405244827270508 1.0284607410430908
1.0393930673599243 1.1656492948532104
1.038204312324524 1.0227707624435425
1.0415756702423096 1.025759220123291
1.0407499074935913 1.0209232568740845
1.0328915119171143 1.0779744386672974
1.0571460723876953 1.0334457159042358
1.067002773284912 1.0255053043365479
1.0471949577331543 1.0292640924453735
1.0477343797683716 1.025809407234192
1.0398693084716797 1.0235477685928345
1.0430448055267334 1.0503987073898315
1.0440789461135864 1.0349879264831543
1.042783498764038 1.1668736934661865
1.0415782928466797 1.0225718021392822
1.0456795692443848 1.0473004579544067
1.0430879592895508 1.1692109107971191
1.0631028413772583 1.034943699836731
1.0502793788909912 1.0429686307907104
1.0404822826385498 1.028356909751892
1.0424009561538696 1.0286784172058105
1.031529426574707 1.0198724269866943
1.0383607149124146 1.0308862924575806
1.0366896390914917 1.1039605140686035
1.0367227792739868 1.122007131576538
1.0521488189697266 1.017008662223816
1.0327237844467163 1.0207901000976562
1.0379403829574585 1.051000952720642
1.0337005853652954 1.0494391918182373
1.036734938621521 1.0706888437271118
1.039768099784851 1.0250129699707031
1.0537725687026978 1.0669147968292236
1.050545573234558 1.0384676456451416
1.0401684045791626 1.0302705764770508
1.0419660806655884 1.023490071296692
1.0420132875442505 1.0697157382965088
1.040787935256958 1.0434112548828125
1.048508882522583 1.120349407196045
1.0379829406738281 1.0703858137130737
1.0438570976257324 1.0463106632232666
1.0458770990371704 1.0254929065704346
1.0390139818191528 1.0278759002685547
1.0397517681121826 1.0186761617660522
1.0331052541732788 1.0434722900390625
1.0354228019714355 1.0245269536972046
1.0434801578521729 1.182194709777832
1.0487146377563477 1.0328985452651978
1.0444506406784058 1.0893847942352295
1.034245491027832 1.0433534383773804
1.0469300746917725 1.0253510475158691
1.053855538368225 1.0453871488571167
1.0397099256515503 1.0211893320083618
1.0390973091125488 1.0264886617660522
1.0368074178695679 1.0293136835098267
1.0384135246276855 1.0702877044677734
1.050969123840332 1.0289161205291748
1.03678560256958 1.1345943212509155
1.0490713119506836 1.0467438697814941
1.0478434562683105 1.021355152130127
1.036634922027588 1.046964406967163
1.0394099950790405 1.0696979761123657
1.0436917543411255 1.037682294845581
1.046141266822815 1.0253299474716187
1.0360186100006104 1.0255156755447388
1.033233642578125 1.157326579093933
1.036129117012024 1.0215480327606201
1.0402462482452393 1.0377084016799927
1.0422234535217285 1.0252774953842163
1.042559027671814 1.0213744640350342
1.0359033346176147 1.036503553390503
1.0341805219650269 1.0299248695373535
1.0395570993423462 1.0236823558807373
1.042751431465149 1.0339783430099487
1.0399242639541626 1.0304286479949951
1.0478435754776 1.1405690908432007
1.033715009689331 1.0304120779037476
