1.6564407348632812 15.480268478393555
1.2369434833526611 22.381521224975586
1.0468896627426147 0.8888652324676514
0.8757297992706299 0.7256588935852051
0.71579909324646 0.5752668976783752
1.0179824829101562 1.1414357423782349
1.087546467781067 1.1089764833450317
1.066763997077942 1.0618486404418945
1.0581183433532715 1.04708731174469
1.0613528490066528 1.0433038473129272
1.0651633739471436 1.0390678644180298
3.497426748275757 1.0372121334075928
1.0609862804412842 1.0387911796569824
1.0587040185928345 1.0344191789627075
1.0681259632110596 1.0201655626296997
1.053031325340271 1.033692717552185
1.067629337310791 1.052423357963562
1.0540602207183838 1.0295004844665527
1.0561761856079102 1.0297656059265137
1.0563637018203735 1.180037260055542
1.0533347129821777 1.038687825202942
1.0507004261016846 1.1003949642181396
1.0653603076934814 1.0449848175048828
1.0537153482437134 1.0343093872070312
1.050662636756897 1.0244032144546509
1.0498690605163574 1.0614886283874512
1.0397825241088867 1.0689499378204346
1.0519284009933472 1.059356927871704
1.0512146949768066 1.0387578010559082
1.0458264350891113 1.0270116329193115
1.0432718992233276 1.173561930656433
1.0468534231185913 1.1077220439910889
1.0515556335449219 1.0628169775009155
1.0450905561447144 1.0322719812393188
1.04891836643219 1.0314481258392334
1.2149187326431274 1.0250130891799927
1.0774977207183838 1.1709214448928833
1.0445997714996338 1.0223358869552612
1.0465706586837769 1.045508623123169
1.0625675916671753 1.083260178565979
1.0427173376083374 1.0225390195846558
1.043563723564148 1.046229600906372
1.0469473600387573 1.0234167575836182
1.0558910369873047 1.076350450515747
1.0556786060333252 1.0731581449508667
1.0867664813995361 1.1220178604125977
1.0635182857513428 1.0228263139724731
1.060594916343689 1.068313479423523
1.0519378185272217 1.0744463205337524
1.0458101034164429 1.093264102935791
1.0526872873306274 1.2088860273361206
1.0445839166641235 1.1266883611679077
1.0600358247756958 1.0455092191696167
1.0557469129562378 1.0210962295532227
1.0470411777496338 1.0407997369766235
