0.7177804112434387 0.37880054116249084
0.3580290675163269 0.24961715936660767
0.29623258113861084 0.22801297903060913
0.26637542247772217 0.26962000131607056
0.24698390066623688 0.2067493349313736
0.2335253357887268 0.1884980946779251
0.22354884445667267 0.18754786252975464
0.2164420634508133 0.23172128200531006
0.21141915023326874 0.19853250682353973
0.20575487613677979 0.18801666796207428
0.20148542523384094 0.2111867219209671
0.1973537802696228 0.17745299637317657
0.19621019065380096 0.1950691193342209
0.192819282412529 0.17399945855140686
0.1908484399318695 0.18787024915218353
0.1895522177219391 0.1548186093568802
0.1859351247549057 0.16583973169326782
0.18477308750152588 0.21496357023715973
0.1823292225599289 0.16274860501289368
0.18090957403182983 0.16584144532680511
0.1785990297794342 0.1501285284757614
0.17749370634555817 0.24667143821716309
0.17629554867744446 0.14858897030353546
0.17622610926628113 0.14480715990066528
0.1746566742658615 0.1657312512397766
0.17374181747436523 0.17234015464782715
0.1725500375032425 0.1660718470811844
0.17230269312858582 0.1521814614534378
0.17183610796928406 0.1626238077878952
0.1700623780488968 0.15734520554542542
0.16899491846561432 0.16104085743427277
0.16836635768413544 0.15139155089855194
0.1682053655385971 0.14835771918296814
0.16799844801425934 0.15569910407066345
0.16710160672664642 0.18365339934825897
0.16665519773960114 0.1527538001537323
0.16513770818710327 0.14745846390724182
0.1645030379295349 0.15289078652858734
0.16395315527915955 0.1510421186685562
0.16348296403884888 0.13883070647716522
0.16260522603988647 0.1352442353963852
0.1646849364042282 0.1399659663438797
0.16596098244190216 0.16797670722007751
0.16468895971775055 0.14333020150661469
0.16330493986606598 0.13796333968639374
0.1633538454771042 0.1481456607580185
0.1634605973958969 0.21280983090400696
0.16143421828746796 0.1402154564857483
0.15998676419258118 0.14663732051849365
0.16031721234321594 0.1461155265569687
0.15931086242198944 0.15699689090251923
0.15908679366111755 0.14834658801555634
0.15945664048194885 0.13766542077064514
0.15819959342479706 0.1712445467710495
0.15858344733715057 0.14652219414710999
0.15810716152191162 0.15464965999126434
0.15724153816699982 0.18758179247379303
0.1576617956161499 0.17793558537960052
0.15589135885238647 0.13845770061016083
0.15612812340259552 0.1465100646018982
0.15625177323818207 0.13367141783237457
0.15437676012516022 0.15050573647022247
0.16025583446025848 0.17715167999267578
0.15670451521873474 0.18096664547920227
0.15512362122535706 0.13590367138385773
0.15577027201652527 0.3455100655555725
0.15800729393959045 0.14174969494342804
0.17593395709991455 0.14365960657596588
0.15463382005691528 0.16947630047798157
0.15456776320934296 0.1633194237947464
0.18744349479675293 0.16106557846069336
0.17008371651172638 0.15209265053272247
0.15300454199314117 0.182634174823761
0.15906649827957153 0.16640177369117737
0.15671606361865997 0.15476995706558228
0.15395759046077728 0.15787480771541595
0.16010409593582153 0.13616469502449036
0.15775689482688904 0.14885999262332916
0.15521200001239777 0.14040729403495789
0.154958114027977 0.15005351603031158
0.151937335729599 0.1574360728263855
0.15280163288116455 0.1564488261938095
0.16765165328979492 0.14900879561901093
0.15735012292861938 0.141879603266716
0.1564522385597229 0.1578398197889328
0.15521207451820374 0.1474919319152832
0.16016805171966553 0.15204133093357086
0.15233731269836426 0.15810526907444
0.15435917675495148 0.21064062416553497
0.15101197361946106 0.14241647720336914
0.1519317626953125 0.1376897096633911
0.15134884417057037 0.13461297750473022
0.15214844048023224 0.14216186106204987
0.15057231485843658 0.14255674183368683
0.15093401074409485 0.14737822115421295
0.15040431916713715 0.1532672643661499
0.14996908605098724 0.13456211984157562
0.15298554301261902 0.1463744193315506
0.1536986082792282 0.15197187662124634
0.15302082896232605 0.1508466899394989
0.15061546862125397 0.16383442282676697
0.15186573565006256 0.14223705232143402
0.15087828040122986 0.1395198106765747
0.15036167204380035 0.14452414214611053
0.14955748617649078 0.15539254248142242
0.14851149916648865 0.15421220660209656
0.14790573716163635 0.14453327655792236
0.15147489309310913 0.1564047932624817
0.1495731621980667 0.141195148229599
0.15345710515975952 0.1358787566423416
0.14963209629058838 0.1842358112335205
0.1515795737504959 0.1330333650112152
0.1531825065612793 0.1427086889743805
0.14966881275177002 0.1332622915506363
0.14744246006011963 0.19275818765163422
0.1488102376461029 0.144807830452919
0.1463499814271927 0.1366584300994873
0.15011875331401825 0.13863131403923035
0.14851917326450348 0.16022656857967377
0.1466095894575119 0.16358810663223267
0.14889493584632874 0.1402801126241684
0.14735645055770874 0.15028029680252075
0.1477528214454651 0.1358102411031723
0.14769811928272247 0.14345040917396545
0.14736264944076538 0.1356593668460846
0.154574453830719 0.14308926463127136
0.1477847397327423 0.13118486106395721
0.14828085899353027 0.13974909484386444
0.14609169960021973 0.16314738988876343
0.14618569612503052 0.17033983767032623
0.14776062965393066 0.13620774447917938
0.14583097398281097 0.17387373745441437
0.14687757194042206 0.14804832637310028
0.145424485206604 0.13746777176856995
0.14733345806598663 0.16353663802146912
0.14871633052825928 0.15604785084724426
0.1471414864063263 0.14768578112125397
0.14677533507347107 0.14801116287708282
0.1466197967529297 0.1483238786458969
0.14733020961284637 0.13391296565532684
0.14692537486553192 0.19606554508209229
0.14525172114372253 0.1330246478319168
0.14534518122673035 0.14891208708286285
0.145498126745224 0.16172358393669128
0.14426228404045105 0.18351446092128754
0.14398524165153503 0.14114676415920258
0.14761199057102203 0.1338658183813095
0.14504486322402954 0.14237390458583832
0.14437349140644073 0.15757355093955994
0.144253671169281 0.1379619538784027
0.14523851871490479 0.15829697251319885
0.1466076821088791 0.1371629685163498
0.14754441380500793 0.1346045881509781
0.1479404866695404 0.14439375698566437
0.14464698731899261 0.13739794492721558
0.1461286097764969 0.1317172795534134
0.14555181562900543 0.13759496808052063
0.15135610103607178 0.14712947607040405
0.14485004544258118 0.14461523294448853
0.14461641013622284 0.1435518115758896
0.14463794231414795 0.13230548799037933
0.14465667307376862 0.16064852476119995
0.14426714181900024 0.14886900782585144
0.14514310657978058 0.1727718710899353
0.14566706120967865 0.14922860264778137
0.1449238508939743 0.14769776165485382
0.1440194994211197 0.1407025158405304
0.14382047951221466 0.13624252378940582
0.1455683559179306 0.15802623331546783
0.1430615335702896 0.17200008034706116
0.14476436376571655 0.17811162769794464
0.14538982510566711 0.14106127619743347
0.14452683925628662 0.13756266236305237
0.144943967461586 0.1299687623977661
0.14387866854667664 0.1346977800130844
0.14525586366653442 0.1421322524547577
0.14410869777202606 0.21525932848453522
0.14583323895931244 0.14094014465808868
0.14401721954345703 0.15126125514507294
0.14348135888576508 0.13798333704471588
0.14902061223983765 0.1517299860715866
0.1468963623046875 0.15279634296894073
0.1440679430961609 0.15861183404922485
0.14454048871994019 0.14730492234230042
0.146957129240036 0.14015570282936096
0.14435511827468872 0.14609362185001373
0.1422857940196991 0.15388049185276031
0.14495135843753815 0.13855476677417755
0.1427416354417801 0.2252473533153534
0.1431884616613388 0.14019860327243805
0.14323115348815918 0.1388486623764038
0.1426515132188797 0.13283608853816986
0.14318545162677765 0.1642216593027115
0.14562508463859558 0.1263461858034134
0.14243687689304352 0.15207190811634064
0.1428699940443039 0.14238190650939941
0.1442568004131317 0.15317827463150024
0.14344583451747894 0.150417760014534
0.14404956996440887 0.13644513487815857
0.14392195641994476 0.14216558635234833
0.14744320511817932 0.1410152167081833
0.14331500232219696 0.16062138974666595
0.1445535123348236 0.1296166479587555
0.1430501490831375 0.1475771963596344
0.1435329020023346 0.13363586366176605
0.14346113801002502 0.14316605031490326
0.14310365915298462 0.13724945485591888
0.14442655444145203 0.131175234913826
0.1470451056957245 0.2625425457954407
0.14834152162075043 0.13784749805927277
0.14567308127880096 0.14163510501384735
0.1439204066991806 0.1375705897808075
0.14334848523139954 0.14235953986644745
0.14251212775707245 0.15597043931484222
0.14694899320602417 0.13626503944396973
0.14443060755729675 0.1279715746641159
0.14205287396907806 0.13522644340991974
0.14339622855186462 0.1643456667661667
0.14238184690475464 0.13274696469306946
0.14293794333934784 0.1318332850933075
0.14280472695827484 0.1313427984714508
0.14408448338508606 0.13995665311813354
0.1450895518064499 0.15631398558616638
0.14412042498588562 0.16072751581668854
0.14302396774291992 0.15134297311306
0.14297160506248474 0.14567409455776215
0.14343814551830292 0.14118030667304993
0.14286206662654877 0.13405875861644745
0.14282254874706268 0.14517736434936523
0.1411491334438324 0.15862669050693512
0.14198613166809082 0.1313285529613495
0.14297667145729065 0.13059943914413452
0.14329580962657928 0.15709760785102844
0.14370934665203094 0.15770287811756134
0.14150375127792358 0.14128123223781586
0.14188866317272186 0.15653684735298157
0.15237177908420563 0.18629689514636993
0.14410197734832764 0.17278502881526947
0.14288954436779022 0.1392546147108078
0.14694541692733765 0.14875373244285583
0.14480623602867126 0.13662463426589966
0.1451207548379898 0.15283770859241486
0.14474615454673767 0.1383194625377655
0.1438288390636444 0.13822415471076965
0.14574678242206573 0.15966075658798218
0.1438196301460266 0.13509246706962585
0.14420782029628754 0.13191547989845276
0.14278149604797363 0.14028674364089966
0.14200304448604584 0.18091294169425964
0.14691998064517975 0.13955894112586975
0.14783109724521637 0.15050634741783142
0.14493417739868164 0.14024440944194794
0.14466097950935364 0.1529434770345688
0.14327113330364227 0.13036520779132843
0.1463814377784729 0.15433216094970703
0.1448938101530075 0.15455453097820282
0.14516153931617737 0.13662998378276825
0.1450589895248413 0.16436773538589478
0.14328941702842712 0.14386923611164093
0.14258021116256714 0.13761982321739197
0.1420733630657196 0.17137330770492554
0.14167587459087372 0.13841862976551056
0.14514051377773285 0.13633012771606445
0.14356966316699982 0.13673211634159088
0.1426103413105011 0.13836416602134705
0.141748309135437 0.22441257536411285
0.1418907791376114 0.14496877789497375
0.14174917340278625 0.13940595090389252
0.14292258024215698 0.13245278596878052
0.14375996589660645 0.13283325731754303
0.1425788700580597 0.14862024784088135
0.14258667826652527 0.16742081940174103
0.14259877800941467 0.13203127682209015
0.14180856943130493 0.17657475173473358
0.14486801624298096 0.13266830146312714
0.14318865537643433 0.1653083711862564
0.14315035939216614 0.14720159769058228
0.14082664251327515 0.1734824925661087
0.14353220164775848 0.14137327671051025
0.14468906819820404 0.13635171949863434
0.14388889074325562 0.1407984048128128
0.14270487427711487 0.14977212250232697
0.14290520548820496 0.14222244918346405
0.14265155792236328 0.13368239998817444
0.14391140639781952 0.16353407502174377
0.1447763890028 0.16189464926719666
0.143484964966774 0.13619935512542725
0.141529843211174 0.14382590353488922
0.14408622682094574 0.14146655797958374
0.1440059244632721 0.1490921974182129
0.1416657269001007 0.1348402500152588
0.14219003915786743 0.14120173454284668
0.14177639782428741 0.17107002437114716
0.14268113672733307 0.14013691246509552
0.14302700757980347 0.14976154267787933
0.14193947613239288 0.15794694423675537
0.1427379548549652 0.14621028304100037
0.1440546214580536 0.13990148901939392
0.14237931370735168 0.18899908661842346
0.14187359809875488 0.15654823184013367
0.14080281555652618 0.13464686274528503
0.14255458116531372 0.14835333824157715
0.14142030477523804 0.1471082866191864
0.14383137226104736 0.14865079522132874
0.14312192797660828 0.1453441083431244
0.14092984795570374 0.1402243822813034
0.1421249657869339 0.14072254300117493
0.1428629606962204 0.16900593042373657
0.1432378590106964 0.13090133666992188
0.14065952599048615 0.1464158594608307
0.14390920102596283 0.14487193524837494
0.1439971625804901 0.13660359382629395
0.14331088960170746 0.13910162448883057
0.14332254230976105 0.13197611272335052
0.14960633218288422 0.14965829253196716
0.14484010636806488 0.15071211755275726
0.14322945475578308 0.1594473272562027
0.1418871283531189 0.1445867121219635
0.14205588400363922 0.1574924737215042
0.1439521312713623 0.13850316405296326
0.14422576129436493 0.15667763352394104
0.14258094131946564 0.1318005621433258
0.14168453216552734 0.15089261531829834
0.14341183006763458 0.13248416781425476
0.142511248588562 0.157256081700325
0.14164835214614868 0.15489420294761658
0.14183185994625092 0.13249969482421875
0.14319774508476257 0.14236341416835785
0.14356356859207153 0.14127188920974731
0.14233708381652832 0.14785531163215637
0.1432412713766098 0.13575029373168945
0.14650945365428925 0.16671833395957947
0.1446259617805481 0.1327361762523651
0.1431778073310852 0.1863034963607788
0.14468717575073242 0.15429449081420898
0.14895087480545044 0.13970111310482025
0.14745646715164185 0.18047577142715454
0.14558295905590057 0.13293279707431793
0.14461490511894226 0.15100015699863434
0.1437450349330902 0.13094203174114227
0.14683057367801666 0.14573702216148376
0.14609307050704956 0.14855985343456268
0.1741872876882553 0.14874495565891266
0.1443810909986496 0.13540352880954742
0.1441609263420105 0.1546536684036255
0.14709798991680145 0.13677839934825897
0.14456287026405334 0.13682439923286438
0.1431232988834381 0.13899244368076324
0.14433784782886505 0.16156919300556183
0.1441911906003952 0.13904131948947906
0.14642733335494995 0.16132423281669617
0.14373762905597687 0.14116141200065613
0.1453162133693695 0.14026205241680145
0.1430949866771698 0.15877605974674225
0.14537590742111206 0.1484113335609436
0.14501914381980896 0.1517089456319809
0.14436830580234528 0.1400960236787796
0.14510560035705566 0.16550345718860626
0.1480192095041275 0.14477474987506866
0.14433588087558746 0.15927572548389435
0.14358392357826233 0.16094395518302917
0.14459416270256042 0.15499530732631683
0.14250972867012024 0.14637091755867004
0.1426745057106018 0.14653217792510986
0.1456214040517807 0.13381639122962952
0.14805248379707336 0.13461120426654816
0.14356599748134613 0.1598055064678192
0.14337994158267975 0.146583691239357
0.1441793143749237 0.17904074490070343
0.22456876933574677 0.15083104372024536
0.14506040513515472 0.15341486036777496
0.145111083984375 0.14445050060749054
0.1425764262676239 0.1616753488779068
0.144932821393013 0.1586470752954483
0.14611037075519562 0.15469495952129364
0.14443036913871765 0.14193841814994812
0.14442437887191772 0.14768411219120026
0.14340810477733612 0.15970851480960846
0.14423513412475586 0.14581690728664398
0.14412041008472443 0.1357368677854538
0.14326991140842438 0.13831695914268494
0.14324748516082764 0.18363967537879944
0.14537635445594788 0.15171997249126434
0.14500188827514648 0.14903241395950317
0.14375251531600952 0.16993890702724457
0.1426285207271576 0.1478307992219925
0.1435665488243103 0.14563000202178955
0.1449568122625351 0.14621514081954956
0.14911498129367828 0.15440888702869415
0.1451273411512375 0.13255292177200317
0.14399506151676178 0.15482443571090698
0.14429785311222076 0.16463305056095123
0.14637015759944916 0.14891056716442108
0.1470157355070114 0.1332438588142395
0.14504151046276093 0.14667141437530518
0.1468479186296463 0.1539008617401123
0.14666971564292908 0.16099949181079865
0.1452890932559967 0.13919517397880554
0.14759501814842224 0.17329947650432587
0.14603625237941742 0.16072842478752136
0.14466159045696259 0.1356944739818573
0.1433311551809311 0.13328728079795837
0.14443571865558624 0.13531094789505005
0.14580267667770386 0.1335524022579193
0.1434534341096878 0.14380760490894318
0.14288364350795746 0.13864058256149292
0.14284394681453705 0.13999813795089722
0.1444367617368698 0.14247143268585205
0.1441042125225067 0.147608682513237
0.14647208154201508 0.13968060910701752
0.1608426719903946 0.1545506864786148
0.14605678617954254 0.15779715776443481
0.1505051553249359 0.14628198742866516
0.14911451935768127 0.14980623126029968
0.1552295684814453 0.13290999829769135
0.1511821150779724 0.138737291097641
0.14677360653877258 0.14660505950450897
0.15833738446235657 0.148105651140213
0.14701350033283234 0.14327746629714966
0.14907623827457428 0.14554204046726227
0.14581766724586487 0.13245214521884918
0.14331486821174622 0.13333113491535187
0.14297914505004883 0.18071700632572174
0.1440558135509491 0.15148703753948212
0.1442682147026062 0.1389402598142624
0.14250890910625458 0.16451770067214966
0.14398522675037384 0.1478799730539322
0.14500541985034943 0.1607990562915802
0.1434851884841919 0.132163867354393
0.14195217192173004 0.1522446572780609
0.14242403209209442 0.13815119862556458
0.14248278737068176 0.16342075169086456
0.1421196609735489 0.15546822547912598
0.14595286548137665 0.1403561383485794
0.1494768261909485 0.1669788807630539
0.14781835675239563 0.13953694701194763
0.1527704894542694 0.19765394926071167
0.15041598677635193 0.13999100029468536
0.14839252829551697 0.14292852580547333
0.1453380435705185 0.13964058458805084
0.1438678354024887 0.13465119898319244
0.14467662572860718 0.14185945689678192
0.1504278928041458 0.13850870728492737
0.14370843768119812 0.15354663133621216
0.14366231858730316 0.14479102194309235
0.144271120429039 0.14475829899311066
0.17595764994621277 0.14558741450309753
0.14336614310741425 0.1526675522327423
0.14730679988861084 0.13997049629688263
0.16679351031780243 0.15649154782295227
0.1512572318315506 0.21242691576480865
0.14673873782157898 0.13515052199363708
0.14390681684017181 0.1480969935655594
0.14275093376636505 0.16285668313503265
0.1469588428735733 0.13888074457645416
0.14647498726844788 0.1477036029100418
0.1501408964395523 0.15679003298282623
0.15407879650592804 0.13154464960098267
0.17576159536838531 0.20466569066047668
0.14538468420505524 0.14123696088790894
0.14552827179431915 0.14691130816936493
0.1427173763513565 0.14415676891803741
0.14216479659080505 0.13755571842193604
0.14311757683753967 0.14878259599208832
0.14132817089557648 0.1427854746580124
0.1413356065750122 0.14397916197776794
0.14264404773712158 0.1374906301498413
0.1415112018585205 0.13355408608913422
0.1437133252620697 0.14508067071437836
0.14301668107509613 0.20516420900821686
0.14135923981666565 0.13171198964118958
0.14319975674152374 0.13373936712741852
0.14321956038475037 0.1460292488336563
0.14434203505516052 0.13702768087387085
0.1424819976091385 0.15115083754062653
0.14126987755298615 0.1565621942281723
0.1451423019170761 0.16171197593212128
0.14579425752162933 0.1359720379114151
0.14136984944343567 0.14135326445102692
0.1433286964893341 0.1494905799627304
0.14291231334209442 0.15493573248386383
0.14173193275928497 0.13670103251934052
0.14349962770938873 0.15154868364334106
0.1426389068365097 0.13230811059474945
0.1478102207183838 0.14711466431617737
0.14638006687164307 0.18703563511371613
0.143290713429451 0.13897250592708588
0.14367224276065826 0.13539643585681915
0.15168914198875427 0.20006565749645233
0.1571512222290039 0.14744240045547485
0.15488338470458984 0.14158077538013458
0.1562056988477707 0.1459117829799652
0.29732978343963623 0.22576768696308136
0.2848297655582428 0.17358817160129547
0.24946479499340057 0.18421247601509094
0.2005988210439682 0.16422313451766968
0.16115477681159973 0.142220139503479
0.15236896276474 0.15623241662979126
0.1591133028268814 0.18193896114826202
0.14941415190696716 0.14080797135829926
0.14932449162006378 0.1399955004453659
0.14907847344875336 0.14974240958690643
0.14702197909355164 0.16278326511383057
0.1463109254837036 0.14070643484592438
0.14953577518463135 0.15836311876773834
0.14758846163749695 0.13738562166690826
0.14522142708301544 0.1427508145570755
0.14940397441387177 0.13310971856117249
0.1462506502866745 0.16734467446804047
0.1447947770357132 0.1413436383008957
0.15438708662986755 0.19688665866851807
0.16981741786003113 0.15160588920116425
0.1496162861585617 0.1404346525669098
0.16404736042022705 0.1641538143157959
0.16648659110069275 0.14036688208580017
0.1519443541765213 0.1522301286458969
0.1536342203617096 0.15248030424118042
0.1517353355884552 0.14099395275115967
0.20373618602752686 0.18476653099060059
0.16320157051086426 0.15679223835468292
0.14729410409927368 0.1449279636144638
0.14876681566238403 0.15933001041412354
0.14957183599472046 0.16341859102249146
0.14794152975082397 0.14161483943462372
0.1513981968164444 0.40096789598464966
0.16525354981422424 0.14132346212863922
0.14795446395874023 0.1490742564201355
0.14730149507522583 0.14466457068920135
0.15153782069683075 0.1969296932220459
0.1466033160686493 0.16117745637893677
0.15871773660182953 0.1482810378074646
0.16514526307582855 0.1500421166419983
0.15316224098205566 0.13950395584106445
0.14994506537914276 0.14304737746715546
0.14958548545837402 0.14082957804203033
0.1504376083612442 0.18337897956371307
0.150798037648201 0.14933015406131744
0.14689894020557404 0.16714783012866974
0.1470746099948883 0.14318783581256866
0.14718616008758545 0.147773876786232
0.15176799893379211 0.140193909406662
0.14548572897911072 0.1401519924402237
0.14650960266590118 0.15821458399295807
0.145016610622406 0.1616891771554947
0.1451808363199234 0.1411735713481903
0.14443860948085785 0.1452728658914566
0.14658506214618683 0.1455654501914978
0.1501949578523636 0.13631975650787354
0.14673376083374023 0.13420677185058594
0.15400321781635284 0.17825187742710114
0.14605732262134552 0.18616695702075958
0.14986199140548706 0.2222779095172882
0.15329107642173767 0.15958504378795624
0.1435246765613556 0.1391998827457428
0.14686129987239838 0.1731417179107666
0.18154338002204895 0.1485847532749176
0.8067927956581116 0.22498507797718048
0.32012540102005005 0.16675785183906555
0.19315104186534882 0.16878949105739594
0.1583627164363861 0.158493310213089
0.15369544923305511 0.1903562694787979
0.14745911955833435 0.14664627611637115
0.15076172351837158 0.15841352939605713
0.15594542026519775 0.15927213430404663
0.17284239828586578 0.1462356299161911
0.15073132514953613 0.1425398737192154
0.1466047316789627 0.15835702419281006
0.15108124911785126 0.15029439330101013
0.1470593512058258 0.1585855931043625
0.1460682898759842 0.14738015830516815
0.20420131087303162 0.15554191172122955
0.1504635065793991 0.19312535226345062
0.15036390721797943 0.16468891501426697
0.15174047648906708 0.15194787085056305
0.14592167735099792 0.15079492330551147
0.14813388884067535 0.16110193729400635
0.14958423376083374 0.21264703571796417
0.1500621885061264 0.17952172458171844
0.15206633508205414 0.143589049577713
0.1529441773891449 0.16254234313964844
0.1462475061416626 0.14546586573123932
0.15252286195755005 0.18421773612499237
0.16180284321308136 0.13972002267837524
0.32353630661964417 0.23949037492275238
0.23236969113349915 0.14532022178173065
0.168563574552536 0.15682342648506165
0.17074744403362274 0.22129607200622559
0.15403340756893158 0.17791326344013214
0.15720169246196747 0.1502460092306137
0.15576857328414917 0.14008791744709015
0.1681409478187561 0.2003445327281952
0.15996181964874268 0.1629595160484314
0.1650637835264206 0.15680012106895447
0.18710015714168549 0.15212617814540863
0.2356749027967453 0.1391076147556305
0.18189789354801178 0.16853974759578705
0.2298356145620346 0.18986964225769043
0.17402973771095276 0.1536877602338791
0.1685567945241928 0.15063469111919403
0.17144383490085602 0.14416024088859558
0.20285570621490479 0.17532308399677277
0.17837108671665192 0.19081754982471466
0.175426185131073 0.16399873793125153
0.21432679891586304 0.14292111992835999
0.15240991115570068 0.1425216943025589
0.15011078119277954 0.16227246820926666
0.14532549679279327 0.14840108156204224
0.14501729607582092 0.13769559562206268
0.1444917619228363 0.15570256114006042
0.14293596148490906 0.14074748754501343
0.1433311402797699 0.14948825538158417
0.14270858466625214 0.14383476972579956
0.1420782506465912 0.14654050767421722
0.14172543585300446 0.1472804844379425
0.14063526690006256 0.14469550549983978
0.14072999358177185 0.15464229881763458
0.14117036759853363 0.1451614946126938
0.14072707295417786 0.15802142024040222
0.14007624983787537 0.1569317877292633
0.13978548347949982 0.14221709966659546
0.13948218524456024 0.17789043486118317
0.14047709107398987 0.2044558972120285
0.1400175541639328 0.14771907031536102
0.13997481763362885 0.15065765380859375
0.1401735544204712 0.1683904379606247
0.13921022415161133 0.14705446362495422
0.13955025374889374 0.16994909942150116
0.13894180953502655 0.20726598799228668
0.13943210244178772 0.14523948729038239
0.14043475687503815 0.1371428370475769
0.139787957072258 0.14701107144355774
0.14004257321357727 0.1348392218351364
0.13896174728870392 0.1364833265542984
0.13892994821071625 0.1553870439529419
0.13944536447525024 0.13643783330917358
0.13897110521793365 0.1802244931459427
0.13923963904380798 0.18952015042304993
0.1390886902809143 0.13943342864513397
0.1394607573747635 0.1368682086467743
0.13860173523426056 0.14685684442520142
0.13873402774333954 0.15797249972820282
0.1377173811197281 0.13242419064044952
0.13915927708148956 0.14285160601139069
0.13793420791625977 0.13610251247882843
0.13851040601730347 0.14456261694431305
0.13843661546707153 0.14347468316555023
0.13802210986614227 0.15424618124961853
0.13920356333255768 0.1358797699213028
0.1392437219619751 0.15354406833648682
0.1384439766407013 0.1385784149169922
0.13915035128593445 0.14068147540092468
0.13839319348335266 0.15154226124286652
0.13802029192447662 0.1355685293674469
0.13799232244491577 0.13538327813148499
0.13904421031475067 0.14511887729167938
0.1379731446504593 0.13751111924648285
0.13799907267093658 0.19236326217651367
0.13833670318126678 0.16403254866600037
0.13900312781333923 0.20377425849437714
0.13880494236946106 0.145514577627182
0.13805246353149414 0.15836825966835022
0.1383635550737381 0.1746826171875
0.13843077421188354 0.1488206684589386
0.13787104189395905 0.1721968650817871
0.13718174397945404 0.149711474776268
0.1377873569726944 0.1594577431678772
0.13817618787288666 0.13691966235637665
0.1377926766872406 0.1547318398952484
0.1370793879032135 0.17688971757888794
0.13783395290374756 0.1602729707956314
0.1377732753753662 0.14481550455093384
0.13764457404613495 0.15327422320842743
0.13733519613742828 0.1590786874294281
0.13764700293540955 0.1518000215291977
0.1370929330587387 0.15427981317043304
0.13688912987709045 0.18456871807575226
0.136866495013237 0.1595553606748581
0.1377619206905365 0.15584562718868256
0.1365659534931183 0.14345873892307281
0.13658533990383148 0.14806771278381348
0.13553756475448608 0.14487729966640472
0.1362319141626358 0.14208976924419403
0.13559947907924652 0.15139462053775787
0.1365635246038437 0.14425840973854065
0.13593275845050812 0.14926324784755707
0.13586227595806122 0.13936474919319153
0.13536153733730316 0.20320908725261688
0.13585540652275085 0.16251333057880402
0.13495394587516785 0.1556822657585144
0.13540111482143402 0.1522127240896225
0.13606581091880798 0.14807622134685516
0.13537831604480743 0.14422687888145447
0.13508091866970062 0.15960940718650818
0.13555790483951569 0.1409967541694641
0.13497449457645416 0.13689593970775604
0.1347249150276184 0.14870522916316986
0.13508816063404083 0.14282788336277008
0.13478730618953705 0.14195170998573303
0.13451914489269257 0.14443117380142212
0.13420453667640686 0.1504562497138977
0.1345377266407013 0.1402100920677185
0.13452984392642975 0.17421823740005493
0.13465094566345215 0.15419787168502808
0.13480468094348907 0.13737547397613525
0.13400106132030487 0.1365462988615036
0.13370142877101898 0.14188316464424133
0.1337750405073166 0.13292624056339264
0.13423101603984833 0.1406155824661255
0.13445055484771729 0.1457202434539795
0.1337404102087021 0.17545339465141296
0.13340617716312408 0.15698853135108948
0.13368427753448486 0.14350837469100952
0.13294315338134766 0.14115960896015167
0.1335059404373169 0.16276448965072632
0.1330508589744568 0.15036840736865997
0.13369932770729065 0.13669368624687195
0.13257433474063873 0.15540778636932373
0.13288985192775726 0.17007118463516235
0.13309864699840546 0.13305173814296722
0.1334603875875473 0.16003231704235077
0.13297316431999207 0.16679708659648895
0.133035346865654 0.15765772759914398
0.13310180604457855 0.13714295625686646
0.1329396516084671 0.15957288444042206
0.1326860785484314 0.13422708213329315
0.133048415184021 0.13429725170135498
0.13296113908290863 0.15999028086662292
0.13262204825878143 0.18163351714611053
0.1330169290304184 0.16388389468193054
0.13241161406040192 0.1366436630487442
0.13270220160484314 0.14591409265995026
0.13306297361850739 0.1281849592924118
0.13285112380981445 0.18882609903812408
0.13197632133960724 0.1601361632347107
0.13224264979362488 0.1404353678226471
0.1331719160079956 0.21735303103923798
0.13226912915706635 0.17083530128002167
0.1317857950925827 0.1473238319158554
0.13256917893886566 0.1483912467956543
0.13157184422016144 0.1410636305809021
0.13177509605884552 0.13828088343143463
0.1317441761493683 0.14573559165000916
0.13134734332561493 0.15009574592113495
0.1321645826101303 0.1704782396554947
0.1321449726819992 0.13140764832496643
0.13227035105228424 0.14275866746902466
0.13218308985233307 0.15214432775974274
0.13160769641399384 0.14967836439609528
0.13231727480888367 0.1399010419845581
0.1313343495130539 0.13312524557113647
0.13124239444732666 0.14067301154136658
0.13125079870224 0.14928415417671204
0.1311749815940857 0.1460728496313095
0.1311381459236145 0.18292097747325897
0.13194118440151215 0.1680510938167572
0.13105140626430511 0.19727669656276703
0.13124804198741913 0.14502973854541779
0.13161708414554596 0.2368745654821396
0.13160204887390137 0.1509014219045639
0.13170982897281647 0.13953207433223724
0.13160039484500885 0.13273857533931732
0.3591814637184143 0.14774180948734283
0.13194645941257477 0.13947364687919617
0.13078750669956207 0.14081740379333496
0.13170285522937775 0.14109359681606293
0.130761981010437 0.1462886929512024
0.13053947687149048 0.14506076276302338
0.1305145025253296 0.14124904572963715
0.13076530396938324 0.1453295648097992
0.13156738877296448 0.13924650847911835
0.13100755214691162 0.12801390886306763
0.13120798766613007 0.2328772246837616
0.1312119960784912 0.1635964959859848
0.13250099122524261 0.14118193089962006
0.13166667520999908 0.13428948819637299
0.13162803649902344 0.13817033171653748
0.13207337260246277 0.1548529714345932
0.13074642419815063 0.17396950721740723
0.1311715692281723 0.17734652757644653
0.1299603283405304 0.1466335952281952
0.13045723736286163 0.14189551770687103
0.13068820536136627 0.13315026462078094
0.13136263191699982 0.13133488595485687
0.13143044710159302 0.14210651814937592
0.13175490498542786 0.16104505956172943
0.13077853620052338 0.1483183652162552
0.13104286789894104 0.14866812527179718
0.13157811760902405 0.14700520038604736
0.13115911185741425 0.1809035688638687
0.1320982724428177 0.14624814689159393
0.131400004029274 0.13572745025157928
0.1321612149477005 0.16805623471736908
0.13136142492294312 0.14775142073631287
0.13123458623886108 0.14245887100696564
0.13122665882110596 0.14834100008010864
0.13108988106250763 0.15125428140163422
0.13057979941368103 0.1303393840789795
0.13078905642032623 0.1395074874162674
0.13024581968784332 0.1636907458305359
0.13069944083690643 0.1540120542049408
0.13053672015666962 0.13330043852329254
0.13019703328609467 0.186942920088768
0.13047990202903748 0.13764441013336182
0.12997208535671234 0.1630067080259323
0.12980318069458008 0.1506981998682022
0.13036224246025085 0.14250561594963074
0.13043677806854248 0.1395852267742157
0.1303413063287735 0.13400597870349884
0.12934637069702148 0.13904209434986115
0.12992146611213684 0.13633209466934204
0.1299993246793747 0.1540142148733139
0.13145777583122253 0.13451987504959106
0.13009461760520935 0.18472450971603394
0.13035860657691956 0.1479918211698532
0.12931659817695618 0.15392492711544037
0.130374938249588 0.3529788553714752
0.13074249029159546 0.15744319558143616
0.1303514987230301 0.14138861000537872
0.13010860979557037 0.18883691728115082
0.12982815504074097 0.14547492563724518
0.1299166977405548 0.15027382969856262
0.12968340516090393 0.15133430063724518
0.130399689078331 0.14960817992687225
0.1304536759853363 0.14804665744304657
0.13044685125350952 0.17437826097011566
0.12917546927928925 0.17421986162662506
0.13005127012729645 0.1802738606929779
0.1302213966846466 0.140283465385437
0.12996309995651245 0.19116809964179993
0.12973134219646454 0.17769242823123932
0.129876971244812 0.20117391645908356
0.12950240075588226 0.20146989822387695
0.13013602793216705 0.19463658332824707
0.12930798530578613 0.14910921454429626
0.12923793494701385 0.1622413694858551
0.1298779845237732 0.1908586621284485
0.1290505975484848 0.22132202982902527
0.12999726831912994 0.1435292810201645
0.12978781759738922 0.13860316574573517
0.12992408871650696 0.13900893926620483
0.12955635786056519 0.13495208323001862
0.12930749356746674 0.14520598948001862
0.12949053943157196 0.1423003226518631
0.12949684262275696 0.17238134145736694
0.12944713234901428 0.1341160386800766
0.1292666494846344 0.14003248512744904
0.12967024743556976 0.13626587390899658
0.12951809167861938 0.15137597918510437
0.12965825200080872 0.20691534876823425
0.12960338592529297 0.1316826492547989
0.1294780820608139 0.15200886130332947
0.12928706407546997 0.15716826915740967
0.12849575281143188 0.16401413083076477
0.12891119718551636 0.14967624843120575
0.12932530045509338 0.16353969275951385
0.12942463159561157 0.13378337025642395
0.12923561036586761 0.16818057000637054
0.12873749434947968 0.1389629989862442
0.12861832976341248 0.16318893432617188
0.1298193335533142 0.14805534482002258
0.12850160896778107 0.12776321172714233
0.12847529351711273 0.15104925632476807
0.12909728288650513 0.15739654004573822
0.12848497927188873 0.17145541310310364
0.1279313564300537 0.13738922774791718
0.12851093709468842 0.15009938180446625
0.12775152921676636 0.13396985828876495
0.1289568841457367 0.1495698094367981
0.12879541516304016 0.13310056924819946
0.12837739288806915 0.1666543036699295
0.1284257173538208 0.1519211232662201
0.12875840067863464 0.22096006572246552
0.12939603626728058 0.17241857945919037
0.12998302280902863 0.18467186391353607
0.12900884449481964 0.17021425068378448
0.12895748019218445 0.19045303761959076
0.1288536936044693 0.14250294864177704
0.12908929586410522 0.14711418747901917
0.1282808929681778 0.1403423249721527
0.12843434512615204 0.1305859237909317
0.12886352837085724 0.13317172229290009
0.1284862905740738 0.12859521806240082
0.1288115233182907 0.13598604500293732
0.12852180004119873 0.16261830925941467
0.12810221314430237 0.14556019008159637
0.12869404256343842 0.1459946483373642
0.12966173887252808 0.12876304984092712
0.12924039363861084 0.14135640859603882
0.1292412132024765 0.1412469744682312
0.12913043797016144 0.21692076325416565
0.1373891830444336 0.4462732672691345
0.12846896052360535 0.2956497371196747
0.12948401272296906 0.2791489064693451
0.12820671498775482 0.2730441987514496
0.1289547234773636 0.45578259229660034
0.12876291573047638 0.3192790150642395
0.12928709387779236 0.2460908591747284
0.1287936568260193 0.20288167893886566
0.1284390091896057 0.21506164968013763
0.12891797721385956 0.31753432750701904
0.13948623836040497 0.21456213295459747
0.12784571945667267 0.15934793651103973
0.1295071542263031 0.17102715373039246
0.1279943436384201 0.17681923508644104
0.12846112251281738 0.15223880112171173
0.1284627765417099 0.17444099485874176
0.128530353307724 0.1483416110277176
0.12807071208953857 0.14956985414028168
0.1287008672952652 0.1556180715560913
0.1282312422990799 0.14903973042964935
0.1291743814945221 0.1874016523361206
0.12857571244239807 0.13593043386936188
0.12801165878772736 0.1477288454771042
0.12858062982559204 0.16516493260860443
0.1283966451883316 0.1882324069738388
0.1293332725763321 0.19116322696208954
0.1284843534231186 0.18625031411647797
0.5628148913383484 0.16065093874931335
0.12842808663845062 0.15115168690681458
0.12832564115524292 0.1336643099784851
0.12836313247680664 0.14827841520309448
0.1283525973558426 0.15962252020835876
0.12859944999217987 0.1384384036064148
0.12793563306331635 0.15260958671569824
0.1273880898952484 0.13910897076129913
0.12850286066532135 0.14833898842334747
0.12839417159557343 0.1424330174922943
0.12774281203746796 0.14895156025886536
0.12802699208259583 0.13427817821502686
0.12803241610527039 0.1361369788646698
0.1280011534690857 0.13558326661586761
0.12827032804489136 0.1415092498064041
0.12782472372055054 0.13043300807476044
0.12823008000850677 0.14071911573410034
0.12835291028022766 0.14471575617790222
0.1278906762599945 0.15009205043315887
0.12816230952739716 0.14145639538764954
0.1277594417333603 0.15248414874076843
0.12791284918785095 0.14787553250789642
0.12678150832653046 0.15414510667324066
0.12756793200969696 0.14630009233951569
0.12801821529865265 0.15518717467784882
0.1279430091381073 0.14477166533470154
0.12773318588733673 0.1461009532213211
0.12696067988872528 0.15265467762947083
0.12785179913043976 0.17014242708683014
0.12823981046676636 0.13932162523269653
0.12770019471645355 0.1381152719259262
0.12819698452949524 0.17745999991893768
0.12796692550182343 0.16270793974399567
0.12682336568832397 0.1367654651403427
0.12690836191177368 0.18206359446048737
0.12741610407829285 0.14667174220085144
0.12831330299377441 0.14007993042469025
0.1273200362920761 0.14632704854011536
0.12725543975830078 0.1388792246580124
0.12681519985198975 0.1361527442932129
0.12672430276870728 0.1632484644651413
0.1270013451576233 0.14157414436340332
0.12718024849891663 0.14874355494976044
0.1278422623872757 0.14910617470741272
0.12693741917610168 0.13579346239566803
0.12739838659763336 0.1451558768749237
0.1274568885564804 0.15205276012420654
0.1275816410779953 0.16079185903072357
0.1274798959493637 0.1612125039100647
0.1278260052204132 0.13974624872207642
0.1273117959499359 0.15410488843917847
0.12727969884872437 0.13726887106895447
0.12707190215587616 0.14272519946098328
0.12696529924869537 0.2236415594816208
0.12746234238147736 0.14297963678836823
0.12665799260139465 0.14367763698101044
0.12743249535560608 0.19917653501033783
0.12745380401611328 0.14139887690544128
0.12734286487102509 0.13799218833446503
0.12721379101276398 0.14639785885810852
0.12741820514202118 0.14118817448616028
0.12680421769618988 0.15464094281196594
0.12704060971736908 0.13330912590026855
0.12698005139827728 0.14042499661445618
0.12707653641700745 0.13787326216697693
0.12723730504512787 0.12828931212425232
0.1272122710943222 0.14351816475391388
0.1272033005952835 0.1346806436777115
0.12749134004116058 0.13627202808856964
0.12759076058864594 0.1764107495546341
0.12724824249744415 0.13228337466716766
0.12794995307922363 0.17372065782546997
0.12741197645664215 0.15488024055957794
0.12739403545856476 0.3382962942123413
0.12742452323436737 0.1703205406665802
0.12735216319561005 0.16454361379146576
0.1266840696334839 0.21166391670703888
0.1279071569442749 0.16145560145378113
0.12663818895816803 0.14269104599952698
0.12737615406513214 0.1430741548538208
0.12778055667877197 0.1373841017484665
0.12691953778266907 0.1321244239807129
0.12664306163787842 0.14608444273471832
0.12648795545101166 0.13621675968170166
0.1268850415945053 0.13479313254356384
0.12709897756576538 0.14506690204143524
0.12697850167751312 0.14765924215316772
0.12610089778900146 0.13976572453975677
0.12750323116779327 0.1407432109117508
0.12677815556526184 0.1574305146932602
0.12788262963294983 0.18759341537952423
0.12649744749069214 0.1358575075864792
0.12722373008728027 0.14237557351589203
0.12703950703144073 0.14197541773319244
0.12643752992153168 0.21255610883235931
0.12667109072208405 0.14835534989833832
0.12672780454158783 0.15351584553718567
0.1266748011112213 0.1494208127260208
0.1264599859714508 0.13431322574615479
0.12625567615032196 0.14422781765460968
0.12650170922279358 0.13234342634677887
0.12623612582683563 0.13947747647762299
0.12621568143367767 0.15936419367790222
0.1265290528535843 0.149906724691391
0.12652119994163513 0.13101549446582794
0.12656699120998383 0.13317477703094482
0.12664738297462463 0.14364956319332123
0.12647266685962677 0.22183384001255035
0.12618200480937958 0.16026319563388824
0.12602628767490387 0.20730085670948029
0.12630468606948853 0.1882990002632141
0.12615200877189636 0.1379058063030243
0.1266562044620514 0.1504574865102768
0.12671072781085968 0.20124150812625885
0.12706516683101654 0.18683600425720215
0.12615671753883362 0.21134862303733826
0.12613245844841003 0.1751551330089569
0.12643744051456451 0.23607565462589264
0.1266544908285141 0.16055908799171448
0.1268187165260315 0.1397065967321396
0.12649080157279968 0.14267398416996002
0.12638871371746063 0.13485540449619293
0.12593600153923035 0.20670680701732635
0.12642832100391388 0.15084794163703918
0.12602046132087708 0.1290985345840454
0.12586697936058044 0.1376245766878128
0.12549346685409546 0.13041476905345917
0.12592315673828125 0.1573791354894638
0.1261441707611084 0.12885628640651703
0.12637819349765778 0.14302678406238556
0.1266096830368042 0.13536472618579865
0.1261035054922104 0.17075541615486145
0.1265861988067627 0.17318211495876312
0.12582188844680786 0.15963168442249298
0.1255708783864975 0.14392617344856262
0.126759871840477 0.13546417653560638
0.1258562058210373 0.13861246407032013
0.12637612223625183 0.14598755538463593
0.12625277042388916 0.14276106655597687
0.12602940201759338 0.15061166882514954
0.12562313675880432 0.14602752029895782
0.12528583407402039 0.1362224966287613
0.12608647346496582 0.2285974770784378
0.1260361671447754 0.16479305922985077
0.12559722363948822 0.14418984949588776
0.12609605491161346 0.1372777223587036
0.12552519142627716 0.15302184224128723
0.12612809240818024 0.13594640791416168
0.12637796998023987 0.17407704889774323
0.12634645402431488 0.14977367222309113
0.12541627883911133 0.14268231391906738
0.1265687197446823 0.1440964639186859
0.12579913437366486 0.13640254735946655
0.12617208063602448 0.1437814086675644
0.1261938214302063 0.16787701845169067
0.125877246260643 0.14201265573501587
0.12593896687030792 0.1536402404308319
0.12568624317646027 0.15723243355751038
0.12572866678237915 0.14012418687343597
0.12507376074790955 0.1490504890680313
0.12642192840576172 0.13984061777591705
0.12568075954914093 0.17743322253227234
0.12560658156871796 0.16864120960235596
0.12595094740390778 0.18351007997989655
0.12541840970516205 0.1667565554380417
0.12597061693668365 0.13798609375953674
0.12597769498825073 0.1419041007757187
0.12677642703056335 0.13098330795764923
0.1259608417749405 0.14347514510154724
0.1252157986164093 0.1451035737991333
0.12523935735225677 0.15673933923244476
0.12734302878379822 0.14035488665103912
0.12627549469470978 0.1486169546842575
0.12584418058395386 0.14312894642353058
0.12505178153514862 0.1476084440946579
0.12632188200950623 0.1777479499578476
0.12524904310703278 0.15273503959178925
0.12602011859416962 0.14642806351184845
0.1256498545408249 0.1457485556602478
0.125421404838562 0.14660218358039856
0.12653249502182007 0.15237432718276978
0.1255713552236557 0.16140618920326233
0.12589119374752045 0.14263148605823517
0.12603123486042023 0.1952459067106247
0.126204252243042 0.16646869480609894
0.12608732283115387 0.13115021586418152
0.12539060413837433 0.17105843126773834
0.12545610964298248 0.13374555110931396
0.12541189789772034 0.13689441978931427
0.12468679249286652 0.17921963334083557
0.12569671869277954 0.1369846910238266
0.12568095326423645 0.1630868762731552
0.12570229172706604 0.16625353693962097
0.12536199390888214 0.2448524683713913
0.12518322467803955 0.17188911139965057
0.12565098702907562 0.16764479875564575
0.1250670850276947 0.14220279455184937
0.1259126216173172 0.1383669376373291
0.12537533044815063 0.183879092335701
0.12572944164276123 0.1852865070104599
0.12626045942306519 0.1572832465171814
0.12527568638324738 0.1537594497203827
0.1256060153245926 0.14097096025943756
0.12560738623142242 0.1376998871564865
0.12494250386953354 0.14238815009593964
0.12573540210723877 0.13471421599388123
0.12536592781543732 0.13764409720897675
0.1251499056816101 0.13665738701820374
0.12565964460372925 0.13818174600601196
0.12630388140678406 0.14727236330509186
0.12588736414909363 0.1363421231508255
0.12549228966236115 0.1519344002008438
0.12594127655029297 0.14663806557655334
0.1259947568178177 0.13668638467788696
0.12505574524402618 0.13299386203289032
0.1250617504119873 0.1446557641029358
0.12549777328968048 0.1607591062784195
0.12549898028373718 0.14114655554294586
0.12474902719259262 0.1335972249507904
0.12561054527759552 0.1367831826210022
0.12578517198562622 0.1468595713376999
0.12479792535305023 0.140295147895813
0.12598469853401184 0.1386481523513794
0.12577296793460846 0.16500958800315857
0.1255800873041153 0.16442926228046417
0.1255844384431839 0.14484615623950958
0.12523996829986572 0.14293929934501648
0.12563304603099823 0.14965979754924774
0.1258654147386551 0.1389784961938858
0.12577934563159943 0.1454206258058548
0.1255801022052765 0.1545868217945099
0.12488864362239838 0.17403480410575867
0.12533141672611237 0.1399509459733963
0.1261453926563263 0.1460762470960617
0.1247262954711914 0.15144097805023193
0.12529809772968292 0.1413116157054901
0.12510016560554504 0.14911264181137085
0.12514451146125793 0.14680151641368866
0.12504494190216064 0.13135375082492828
0.12537722289562225 0.13463720679283142
0.1250457614660263 0.12984313070774078
0.12490051239728928 0.14129233360290527
0.12493070960044861 0.15341469645500183
0.12489177286624908 0.15542051196098328
0.12492804229259491 0.1428331881761551
0.12537941336631775 0.14031225442886353
0.12527094781398773 0.140751913189888
0.12462341785430908 0.14135703444480896
0.12468168139457703 0.1475408673286438
0.12499665468931198 0.14481064677238464
0.1254759132862091 0.15473492443561554
0.12491057813167572 0.13559594750404358
0.12506358325481415 0.1344025731086731
0.12480729073286057 0.12874607741832733
0.12479481101036072 0.1310914307832718
0.12517774105072021 0.13397063314914703
0.12515486776828766 0.19324985146522522
0.12524835765361786 0.16524949669837952
0.1243501827120781 0.12645404040813446
0.12516535818576813 0.14041869342327118
0.12460982799530029 0.13566315174102783
0.12475558370351791 0.14792019128799438
0.12515941262245178 0.1646253764629364
0.12467560172080994 0.13579079508781433
0.12450915575027466 0.1429564654827118
0.12526805698871613 0.1340804547071457
0.12566359341144562 0.14492467045783997
0.1244841143488884 0.139739528298378
0.12472820281982422 0.16393008828163147
0.12474910914897919 0.13621613383293152
0.1244242936372757 0.1302434504032135
0.12498333305120468 0.15167488157749176
0.12480825930833817 0.12867645919322968
0.12470769137144089 0.15849989652633667
0.12479940801858902 0.1317867636680603
0.12466125935316086 0.14287889003753662
0.12493207305669785 0.14417272806167603
0.12560111284255981 0.15608519315719604
0.1248491108417511 0.14148534834384918
0.12485212087631226 0.13780821859836578
0.12430214136838913 0.15335719287395477
0.12479029595851898 0.19401530921459198
0.1249370351433754 0.14756043255329132
0.1250549852848053 0.13346877694129944
0.125232994556427 0.14741410315036774
0.12445002049207687 0.16610020399093628
0.12495128810405731 0.1720629334449768
0.1251268833875656 0.16989384591579437
0.1252581626176834 0.14246100187301636
0.12494486570358276 0.13346600532531738
0.12429781258106232 0.13278871774673462
0.12481776624917984 0.14183193445205688
0.12545940279960632 0.14221610128879547
0.12476396560668945 0.13148491084575653
0.12449421733617783 0.16129805147647858
0.12523499131202698 0.18330444395542145
0.12471453100442886 0.1901094764471054
0.1243017166852951 0.14995735883712769
0.18450705707073212 0.15838967263698578
0.12540945410728455 0.15651190280914307
0.12435130029916763 0.15247713029384613
0.12483998388051987 0.1367652416229248
0.1248544305562973 0.19135510921478271
0.12419556081295013 0.1818677932024002
0.12449508905410767 0.15732380747795105
0.12437992542982101 0.1594896763563156
0.12396782636642456 0.1721106618642807
0.1246383860707283 0.1783531904220581
0.12391682714223862 0.15390214323997498
0.12452467530965805 0.14685702323913574
0.1252424567937851 0.15595117211341858
0.12520159780979156 0.1639948934316635
0.12431326508522034 0.17035648226737976
0.12463047355413437 0.14580515027046204
0.12496247887611389 0.14131110906600952
0.12415532022714615 0.1604180932044983
0.12458757311105728 0.1420379877090454
0.12351921945810318 0.14323745667934418
0.12454108893871307 0.14144444465637207
0.12462541460990906 0.13707898557186127
0.12457143515348434 0.18756745755672455
0.1252417415380478 0.14206965267658234
0.12439433485269547 0.14980125427246094
0.12380649894475937 0.1581931859254837
0.12412285059690475 0.15274664759635925
0.12431517988443375 0.14250485599040985
0.12418702989816666 0.1469368040561676
0.12370910495519638 0.1493513584136963
0.1243908628821373 0.18447227776050568
0.12394769489765167 0.1650564819574356
0.1246301531791687 0.16524916887283325
0.12348943948745728 0.14255794882774353
0.12463204562664032 0.1395459622144699
0.12446904182434082 0.16369199752807617
0.12342353165149689 0.144382044672966
0.12448292225599289 0.15811900794506073
0.12279493361711502 0.14419883489608765
0.12388786673545837 0.1565915048122406
0.12338882684707642 0.15666626393795013
0.12370500713586807 0.14927896857261658
0.12363439798355103 0.15783587098121643
0.12346344441175461 0.155649796128273
0.12398594617843628 0.18606887757778168
0.12336814403533936 0.16386710107326508
0.12429989874362946 0.14983896911144257
0.12314986437559128 0.17859460413455963
0.12418338656425476 0.13341252505779266
0.12286952137947083 0.15979984402656555
0.12347303330898285 0.14348900318145752
0.12340865284204483 0.1418127417564392
0.12288962304592133 0.1634417474269867
0.12452452629804611 0.15530569851398468
0.12362075597047806 0.13981033861637115
0.12393391877412796 0.14799198508262634
0.12350364774465561 0.14914561808109283
0.1244649589061737 0.14494551718235016
0.12335192412137985 0.15170146524906158
0.12383114546537399 0.17063353955745697
0.12311709672212601 0.15899895131587982
0.12361019849777222 0.1742158979177475
0.12333159893751144 0.14126020669937134
0.1233154833316803 0.15609386563301086
0.12301980704069138 0.17781148850917816
0.12311650067567825 0.16458387672901154
0.12401162832975388 0.16242702305316925
0.1228240355849266 0.16111205518245697
0.1237606406211853 0.1454533338546753
0.1232876181602478 0.16370461881160736
0.12397611141204834 0.17347562313079834
0.123210608959198 0.18269743025302887
0.12341423332691193 0.16968224942684174
0.12304887920618057 0.18436525762081146
0.12356685101985931 0.15540778636932373
0.12360390275716782 0.16561368107795715
0.1232418343424797 0.14553990960121155
0.12283234298229218 0.21207337081432343
0.12247653305530548 0.14511580765247345
0.12322407215833664 0.16917924582958221
0.12343329936265945 0.14738984405994415
0.12323302775621414 0.15681420266628265
0.12300639599561691 0.18583938479423523
0.12297157943248749 0.1559847742319107
0.12299095839262009 0.20004065334796906
0.12323494255542755 0.1628589928150177
0.12301016598939896 0.18338201940059662
0.12353415042161942 0.1600368320941925
0.12311720103025436 0.17975866794586182
0.12358831614255905 0.16109932959079742
0.12323932349681854 0.17018668353557587
0.12350012362003326 0.15722569823265076
0.12376098334789276 0.16007490456104279
0.12302615493535995 0.1421384960412979
0.12258880585432053 0.16893336176872253
0.12398441880941391 0.16114160418510437
0.12308426201343536 0.15314549207687378
0.12370860576629639 0.1333676278591156
0.12403029203414917 0.14538301527500153
0.12315432727336884 0.17913711071014404
0.12375711649656296 0.1488794982433319
0.12323908507823944 0.15229173004627228
0.12288476526737213 0.15725785493850708
0.12377829104661942 0.1696108728647232
0.12375371903181076 0.17861008644104004
0.12307995557785034 0.1604667454957962
0.12285000085830688 0.16670554876327515
0.12303871661424637 0.16214346885681152
0.12309514731168747 0.17170612514019012
0.12367504090070724 0.1482221931219101
0.12377661466598511 0.1570492386817932
0.1229960024356842 0.16705919802188873
0.12316608428955078 0.1876886934041977
0.12304450571537018 0.15254871547222137
0.12290965765714645 0.17223796248435974
0.12249238789081573 0.15276245772838593
0.12282232940196991 0.17114822566509247
0.12276618927717209 0.1388084590435028
0.12280980497598648 0.14913827180862427
0.12305387109518051 0.18013429641723633
0.12279122322797775 0.16564054787158966
0.1227666586637497 0.15712550282478333
0.12261413782835007 0.22369270026683807
0.12242209166288376 0.264445424079895
0.1237659901380539 0.18086911737918854
0.12207967042922974 0.18851248919963837
0.12331020087003708 0.17085090279579163
0.12333723902702332 0.14944647252559662
0.12324205040931702 0.15760576725006104
0.12339434772729874 0.22939611971378326
0.12361922115087509 0.18788476288318634
0.12274914234876633 0.18972183763980865
0.12269631028175354 0.15335027873516083
0.12275505810976028 0.15572191774845123
0.12282606959342957 0.16235476732254028
0.1229100301861763 0.20134681463241577
0.12273415178060532 0.14524103701114655
0.1226673573255539 0.19791093468666077
0.122263103723526 0.15633608400821686
0.12239601463079453 0.16817347705364227
0.12242946028709412 0.20127567648887634
0.12269015610218048 0.21574053168296814
0.1227177157998085 0.1502472311258316
0.12206299602985382 0.14818957448005676
0.12321147322654724 0.1640525907278061
0.12296099960803986 0.14739461243152618
0.12359185516834259 0.18125180900096893
0.12217533588409424 0.15748488903045654
0.12232120335102081 0.1456289291381836
0.12228497862815857 0.15979896485805511
0.12298224121332169 0.1486414074897766
0.12293864041566849 0.169175386428833
0.1230466440320015 0.16246002912521362
0.12225908786058426 0.14483968913555145
0.12274517863988876 0.16997262835502625
0.12294129282236099 0.1384517252445221
0.12350757420063019 0.14215704798698425
0.12276791036128998 0.14829888939857483
0.1224290132522583 0.13137272000312805
0.12250349670648575 0.14572928845882416
0.12276197969913483 0.13801343739032745
0.12240570038557053 0.15071474015712738
0.12228161096572876 0.17019341886043549
0.12291078269481659 0.13412706553936005
0.12284993380308151 0.1359339952468872
0.12207382917404175 0.155451700091362
0.12192460149526596 0.13648875057697296
0.12316334992647171 0.15906313061714172
0.12264194339513779 0.14672259986400604
0.12243498116731644 0.15715473890304565
0.12261852622032166 0.1374475657939911
0.12263254821300507 0.146569162607193
0.12202823162078857 0.13182324171066284
0.12208046019077301 0.15277661383152008
0.1226298063993454 0.13428325951099396
0.12285565584897995 0.14865340292453766
0.12216801941394806 0.14173072576522827
0.12266156077384949 0.13696953654289246
0.12298540771007538 0.1551794707775116
0.12213506549596786 0.13916023075580597
0.12226653844118118 0.19456395506858826
0.12246496230363846 0.1546591818332672
0.12243875861167908 0.1368306279182434
0.12264804542064667 0.1621931493282318
0.12267062067985535 0.16113312542438507
0.12226233631372452 0.14096982777118683
0.12274184823036194 0.1574375480413437
0.12224297225475311 0.14371837675571442
0.1225026324391365 0.13424745202064514
0.12166335433721542 0.1472020149230957
0.12237399816513062 0.1452465057373047
0.12234779447317123 0.14297905564308167
0.12194235622882843 0.17000797390937805
0.12269452214241028 0.1604412943124771
0.1229354664683342 0.15844731032848358
0.12246251851320267 0.14433209598064423
0.12285111099481583 0.14433087408542633
0.12172127515077591 0.14317718148231506
0.12296400219202042 0.1376725733280182
0.12214826047420502 0.1424785852432251
0.12227105349302292 0.1590559184551239
0.12221560627222061 0.18075504899024963
0.1226385235786438 0.15392208099365234
0.12212815135717392 0.14291517436504364
0.12182781100273132 0.1399013251066208
0.12191208451986313 0.15027625858783722
0.12275396287441254 0.15038460493087769
0.1220620721578598 0.16402575373649597
0.12269402295351028 0.15157687664031982
0.1211719810962677 0.16170358657836914
0.12218549102544785 0.13887542486190796
0.12269851565361023 0.17120276391506195
0.12177704274654388 0.13916686177253723
0.12180046737194061 0.1407098025083542
0.12197697162628174 0.14422884583473206
0.12179825454950333 0.15220431983470917
0.12252333015203476 0.13379785418510437
0.12198295444250107 0.1894402652978897
0.12136140465736389 0.1460607796907425
0.12255489081144333 0.13525322079658508
0.1215670257806778 0.16346679627895355
0.12292201071977615 0.13859455287456512
0.12238547950983047 0.13081929087638855
0.12192951887845993 0.1918034702539444
0.12288777530193329 0.17547839879989624
0.12177649885416031 0.13875555992126465
0.12236729264259338 0.16634154319763184
0.12201103568077087 0.16605454683303833
0.1222001239657402 0.13770323991775513
0.12233618646860123 0.21474239230155945
0.12197811156511307 0.31768372654914856
0.1221049353480339 0.18828129768371582
0.12187768518924713 0.1804371476173401
0.12216901779174805 0.14282569289207458
0.12185265868902206 0.1916845589876175
0.12231362611055374 0.15182876586914062
0.12165634334087372 0.16390502452850342
0.12123487889766693 0.14896148443222046
0.12230177968740463 0.17429716885089874
0.12198090553283691 0.15149572491645813
0.12219900637865067 0.1391851007938385
0.12181819975376129 0.14593255519866943
0.12187964469194412 0.14772078394889832
0.12149826437234879 0.1583285927772522
0.12197225540876389 0.162874236702919
0.12147697806358337 0.14475315809249878
0.12183763831853867 0.1474759578704834
0.12178903073072433 0.15446986258029938
0.12177174538373947 0.1440809667110443
0.12233823537826538 0.13964416086673737
0.12252829968929291 0.12887707352638245
0.12191662192344666 0.1445980668067932
0.12105631828308105 0.14013023674488068
0.12139952182769775 0.13119082152843475
0.12144874781370163 0.13397882878780365
0.12122674286365509 0.15177442133426666
0.12120800465345383 0.13824103772640228
0.12097781151533127 0.14483974874019623
0.12071152776479721 0.13040214776992798
0.1210484430193901 0.15273626148700714
0.12150119990110397 0.1303606480360031
0.12103620171546936 0.1380736231803894
0.12075688689947128 0.14909499883651733
0.12138564884662628 0.16210398077964783
0.1215418130159378 0.12957903742790222
0.1216089129447937 0.13845589756965637
0.1222899928689003 0.15085525810718536
0.12108387053012848 0.14380785822868347
0.12148299813270569 0.14088355004787445
0.1212756410241127 0.14907632768154144
0.12067767977714539 0.1375378966331482
0.12160160392522812 0.14244526624679565
0.12162809073925018 0.1583702117204666
0.12177273631095886 0.17178410291671753
0.12164154648780823 0.17369796335697174
0.12066829949617386 0.2065737098455429
0.12135647237300873 0.16505739092826843
0.12081678956747055 0.17988838255405426
0.12069965153932571 0.17734591662883759
0.12134886533021927 0.23407623171806335
0.1212386041879654 0.1814269870519638
0.12161571532487869 0.15620756149291992
0.12137115001678467 0.1347924768924713
0.12048068642616272 0.13913223147392273
0.12103968858718872 0.15783452987670898
