2.4885165691375732 1.342458963394165
1.6513969898223877 688.3112182617188
1.202802062034607 1.3928229808807373
1.0828315019607544 1.0667158365249634
27.366168975830078 42.13903045654297
1.5168628692626953 1.1307704448699951
1.0779553651809692 298.1838684082031
1.773821234703064 1.0958240032196045
2.0417168140411377 1.0673078298568726
1.0613033771514893 1.0397131443023682
1.0571476221084595 1.09916090965271
1.0591875314712524 1.07268226146698
1.0536080598831177 1.1336678266525269
1.0604182481765747 1.0590777397155762
1.0552623271942139 1.1445043087005615
1.0617594718933105 1.2578327655792236
1.0503671169281006 1.0258967876434326
1.056577444076538 1.0326447486877441
1.0465449094772339 1.0263853073120117
1.0532305240631104 1.0813333988189697
1.1709105968475342 1.0347623825073242
1.0547010898590088 1.0538709163665771
1.05747389793396 1.0949071645736694
1.0577704906463623 1.0244896411895752
1.056226134300232 1.0793824195861816
1.0457663536071777 1.0319424867630005
1.0542978048324585 1.065492033958435
1.0579921007156372 1.1241782903671265
1.0497705936431885 1.0567562580108643
1.0341405868530273 1.048060417175293
1.0231120586395264 1.052610158920288
1.016693115234375 1.1128233671188354
0.9834122657775879 0.9007678031921387
0.9563635587692261 1.1430922746658325
0.935749888420105 0.9831674695014954
0.9159348011016846 0.8030391335487366
0.9017636775970459 0.9087403416633606
0.9812190532684326 0.7786340117454529
0.8581427931785583 0.8474359512329102
0.850501298904419 0.9594379663467407
0.984566330909729 1.3766661882400513
0.9573694467544556 0.8323132395744324
1.1938401460647583 0.9399608373641968
0.9846832156181335 0.7760847806930542
0.796007513999939 0.6595423221588135
0.8896344900131226 0.8394899964332581
0.7826184034347534 0.7245414853096008
0.8412364721298218 0.6517593264579773
0.9176775813102722 0.844710111618042
0.9122225642204285 1.6682156324386597
0.9355696439743042 1.0602247714996338
1.0120738744735718 1.0750179290771484
0.879791796207428 0.6728058457374573
0.8490551114082336 1.3167041540145874
0.8397409915924072 0.8177408576011658
0.7723233699798584 0.9206379055976868
0.7955413460731506 1.4044796228408813
0.8122350573539734 0.7244992256164551
0.878953218460083 3.0062544345855713
0.8070220351219177 21.935546875
0.7688947319984436 0.59882652759552
0.9086930155754089 1.8031129837036133
0.8178625106811523 0.6308265328407288
0.779741108417511 0.8504369258880615
0.8598954081535339 0.8369292616844177
0.8385835289955139 29.409751892089844
0.8826355338096619 12.827411651611328
0.8361386656761169 0.6739994287490845
0.8401191830635071 0.8956968784332275
0.8639453649520874 0.6992425918579102
0.7680424451828003 0.5664450526237488
0.7160865068435669 0.7680604457855225
0.7003127932548523 0.5838270783424377
0.8408033847808838 1.3412781953811646
1.0694447755813599 10.604384422302246
1.0393824577331543 328.67633056640625
1.0547778606414795 6504.04296875
1.1164120435714722 1399.7384033203125
1.012821912765503 1.7284198999404907
1.0433084964752197 1.0794237852096558
1.0547587871551514 1.8034820556640625
1.0354951620101929 1.0328164100646973
1.0120856761932373 0.9482455849647522
1.0974401235580444 93.76496124267578
0.9973140358924866 0.9330901503562927
1.0960990190505981 3.688685655593872
1.2284393310546875 3.5067827701568604
1.0823906660079956 2044.9931640625
1.0215219259262085 47.44205856323242
0.981982946395874 1.8075248003005981
1.0358494520187378 24.16179656982422
1.0355051755905151 2874.38134765625
1.0679317712783813 13.500338554382324
1.0593262910842896 21.993919372558594
1.0756393671035767 24690.3046875
1.0941112041473389 33167.25
1.0869039297103882 510.2124938964844
1.0721354484558105 309.49755859375
1.0697144269943237 1134.1881103515625
1.0134854316711426 236.27883911132812
1.0055112838745117 9901.439453125
0.9976105093955994 57689.0
1.1069982051849365 2015.37841796875
1.0097190141677856 5457.423828125
1.045454740524292 70.3343734741211
1.0171782970428467 3082.244140625
14.711589813232422 46.468929290771484
1.01679527759552 6.8582539558410645
1.0058362483978271 1.332075834274292
1.0065439939498901 0.9371637105941772
0.9866372346878052 0.9299894571304321
0.961330235004425 0.9546990394592285
1.2467963695526123 8.528461456298828
1.2402737140655518 0.9601185917854309
1.037619948387146 3078.997314453125
1.0684995651245117 0.954906165599823
0.9582672119140625 0.9698086380958557
0.9340460896492004 0.8515453934669495
0.9345893859863281 0.885654091835022
1.1381185054779053 338.77105712890625
1.0616239309310913 22316.8515625
