2.1483452320098877 1.3874181509017944
1.104272723197937 1.0711946487426758
1.0834343433380127 1.044007420539856
1.0749825239181519 1.0733152627944946
1.0676641464233398 1.106184959411621
1.058579921722412 1.1549862623214722
1.0546259880065918 1.025617241859436
1.0643949508666992 1.034787654876709
1.229392409324646 1.0446454286575317
1.051712155342102 1.0599511861801147
1.0536611080169678 1.1071044206619263
1.0495800971984863 1.0442243814468384
1.0586867332458496 1.2376453876495361
1.0502209663391113 1.0718580484390259
1.0499000549316406 1.0366311073303223
1.0541008710861206 1.136338710784912
1.045733094215393 1.1290034055709839
1.044390082359314 1.0397627353668213
1.0605714321136475 1.1877013444900513
1.0450563430786133 1.024355173110962
1.0451464653015137 1.040295958518982
1.0412346124649048 1.0752618312835693
1.056620717048645 1.0727876424789429
1.0481047630310059 1.0610400438308716
1.042588233947754 1.0304619073867798
1.0444594621658325 1.0513415336608887
1.0470367670059204 1.0322407484054565
1.0426795482635498 1.0530298948287964
1.0594562292099 1.090990662574768
1.0508283376693726 1.0715758800506592
1.0621165037155151 1.0208796262741089
1.050071358680725 1.1894636154174805
1.040447473526001 1.0652285814285278
1.0440162420272827 1.0267926454544067
1.0413391590118408 1.0789328813552856
1.0423609018325806 1.0659726858139038
1.043832540512085 1.0449920892715454
1.0390183925628662 1.0743016004562378
1.0439590215682983 1.050837516784668
1.0424282550811768 1.0561974048614502
1.0451533794403076 1.0443719625473022
1.038875699043274 1.0371350049972534
1.0403311252593994 1.0207575559616089
1.0443569421768188 1.0187551975250244
1.0371272563934326 1.0280885696411133
1.0447081327438354 1.103072166442871
1.0416390895843506 1.0312999486923218
1.039384365081787 1.201750636100769
1.0379387140274048 1.046682596206665
1.0401171445846558 1.1175105571746826
1.0429683923721313 1.0609676837921143
1.035158395767212 1.2135733366012573
1.0391206741333008 1.0397664308547974
1.0414921045303345 1.0282282829284668
1.043362021446228 1.0876755714416504
1.046210527420044 1.03939950466156
1.0489548444747925 1.0283892154693604
1.0430718660354614 1.0427358150482178
1.0453318357467651 1.028909683227539
1.0382592678070068 1.0425019264221191
1.0398201942443848 1.220125436782837
1.045458197593689 1.0383892059326172
1.0368529558181763 1.020180344581604
1.039962887763977 1.0415270328521729
1.0406559705734253 1.0249385833740234
1.0358368158340454 1.1106237173080444
1.066022276878357 1.0317211151123047
1.0399203300476074 1.0905990600585938
1.0420889854431152 1.0708633661270142
1.0400524139404297 1.025611162185669
1.04010808467865 1.1890054941177368
1.034690022468567 1.0224661827087402
1.0612274408340454 1.0799570083618164
1.0366281270980835 1.2607444524765015
1.0306192636489868 1.0303881168365479
1.0119688510894775 1.0618737936019897
1.0021346807479858 0.9670811891555786
0.994871199131012 0.9669110774993896
0.9841076731681824 0.9236768484115601
0.981139600276947 0.9814850687980652
1.0888612270355225 6.9704155921936035
0.999874472618103 0.9472173452377319
0.9688936471939087 0.9488368034362793
0.9578152894973755 0.9078918695449829
0.9881213307380676 0.9804889559745789
0.9657754302024841 1.0399644374847412
0.9381052851676941 0.9500768184661865
0.9296526908874512 0.8913878798484802
0.9220884442329407 0.9803546071052551
0.9034771919250488 0.8859354853630066
0.8777049779891968 0.8421934247016907
0.8301094174385071 1.5150129795074463
0.8221279382705688 1.0240707397460938
0.7917281985282898 1.0095072984695435
0.8563822507858276 0.8244845867156982
0.7673476338386536 0.8103793263435364
0.7365009188652039 1.5973838567733765
0.7257057428359985 0.7388888001441956
0.7616838216781616 0.6809332966804504
0.7705905437469482 0.7444105744361877
0.7743649482727051 4.558045864105225
1.0624110698699951 1.0423247814178467
1.0487251281738281 1.0228573083877563
1.0399160385131836 1.0317131280899048
0.9877803325653076 0.9192308783531189
0.9390373826026917 2.9879047870635986
0.9352321028709412 0.8270820379257202
0.8883997201919556 0.8906221389770508
0.8893959522247314 0.8765711188316345
1.025036334991455 1.038712978363037
1.0509824752807617 1.0687979459762573
0.8693972826004028 1.1721857786178589
0.8101586699485779 0.7477629780769348
0.7070187330245972 0.6048333048820496
0.659511923789978 0.6118384003639221
0.647574782371521 0.5447309613227844
0.7123416662216187 0.5858944654464722
12.749855041503906 0.6558879017829895
0.6439480781555176 0.603581964969635
0.6599277853965759 0.6108293533325195
0.7071892619132996 0.710948646068573
0.6428345441818237 0.6243172287940979
0.6800116300582886 0.6045563817024231
0.8269785046577454 0.6238336563110352
12.056317329406738 0.6656964421272278
2.2923221588134766 1.154099941253662
0.6260841488838196 0.5326950550079346
0.7259279489517212 0.8108218908309937
0.6262085437774658 0.5753405094146729
0.6176484823226929 0.607208251953125
1.6026701927185059 0.539862871170044
2.3018317222595215 0.824906051158905
1.0220775604248047 0.8747093081474304
1.0278996229171753 0.8104493618011475
0.7032932043075562 0.5595226883888245
0.7210370302200317 0.5995744466781616
0.6305912733078003 0.4955587685108185
0.9032020568847656 1.0266087055206299
0.8894472718238831 1.0438212156295776
0.9516346454620361 0.7123376727104187
0.7780562043190002 0.578102171421051
0.6823846101760864 0.48819124698638916
0.6656884551048279 0.5775949358940125
0.9913105964660645 0.481130987405777
1.902330994606018 0.47686755657196045
1.2561004161834717 0.7069335579872131
0.7167216539382935 0.6625874042510986
10.171086311340332 0.9859890937805176
0.9577624201774597 0.7690843343734741
0.6846300363540649 0.5090699791908264
0.601008951663971 0.607107937335968
0.6455943584442139 0.513921856880188
0.6086112260818481 0.7213353514671326
0.6021658778190613 0.6152681112289429
0.5464123487472534 0.5611147880554199
0.5633650422096252 0.5213730335235596
0.5295568108558655 0.6678910255432129
0.6195349097251892 0.45052993297576904
0.6184508800506592 0.9309827089309692
0.9946073889732361 0.5447120666503906
0.6081849336624146 0.5178288221359253
0.5534182786941528 0.6493935585021973
0.5549944639205933 0.6320949196815491
0.5325170755386353 0.4536162316799164
0.5396324992179871 0.5209208130836487
0.7002784013748169 0.5020967125892639
0.505107045173645 0.5627918243408203
0.512826681137085 0.511269211769104
0.5414905548095703 0.43051180243492126
0.5246941447257996 0.531502902507782
2.852583646774292 0.5545310378074646
0.5206312537193298 0.6315991878509521
0.5452765226364136 0.5222794413566589
0.5025390982627869 0.5091994404792786
0.5203853249549866 0.5412994027137756
0.5038952231407166 0.5659903883934021
0.5094098448753357 0.6595669388771057
0.8500310778617859 0.46847546100616455
15.154685974121094 0.54766446352005
3.0610432624816895 0.8017019629478455
0.4831387400627136 0.5130300521850586
20.4777889251709 0.6565266847610474
0.6351178288459778 0.4957277476787567
0.5335546135902405 0.5382089018821716
0.481758713722229 0.4493038058280945
1.0659863948822021 0.5749964714050293
0.9356622695922852 0.9246564507484436
0.6624906063079834 0.5525447726249695
0.5476650595664978 0.442776083946228
0.48173385858535767 0.6952020525932312
0.8135095834732056 0.7481507658958435
0.5845406651496887 0.5026234984397888
0.589553713798523 0.6671568155288696
0.5884755253791809 0.6580988764762878
0.4866674244403839 0.6246472001075745
0.4908393919467926 0.555913507938385
1.4673696756362915 13.74452018737793
0.5621146559715271 0.5794737935066223
0.4876786768436432 0.5965365171432495
0.524390697479248 0.613841712474823
0.5269010066986084 0.5101949572563171
0.5200911164283752 0.9050231575965881
0.590915858745575 0.7428774833679199
0.5659124255180359 0.6054145097732544
0.5112709999084473 0.44408634305000305
0.48959192633628845 0.41861987113952637
0.4830087125301361 0.5169901847839355
0.4671652913093567 0.6731508374214172
0.4692695140838623 0.4746384620666504
1.0286458730697632 0.5538734793663025
0.47181153297424316 0.4238172173500061
0.47409170866012573 0.5462909936904907
0.45784124732017517 0.45443791151046753
0.5188838243484497 0.6031992435455322
0.49502861499786377 0.4825364351272583
0.44789135456085205 0.5074568390846252
0.5972214937210083 1.0174269676208496
0.8546617031097412 0.5355841517448425
0.586987316608429 0.771517813205719
0.4867950975894928 0.6226717233657837
0.48030033707618713 0.7503356337547302
0.4729757606983185 0.7301561832427979
0.48446357250213623 0.7921954393386841
0.828461766242981 0.7770774960517883
0.7032596468925476 0.7577487826347351
0.531940758228302 0.6865041851997375
0.8698442578315735 0.8970744013786316
0.7829505801200867 0.7296000123023987
0.4990779161453247 0.519590437412262
0.5688848495483398 0.6293361186981201
0.4767857789993286 0.6594013571739197
0.5734316110610962 0.8785203695297241
0.5184149146080017 0.5192126035690308
0.4577903151512146 0.6279780864715576
0.43474575877189636 0.6593555212020874
0.437446266412735 0.4967329502105713
0.5516240000724792 0.6918326616287231
0.5224617123603821 0.742940366268158
0.46053487062454224 0.7866313457489014
0.4359418451786041 0.5938193798065186
0.47649767994880676 0.8155520558357239
0.4828009307384491 0.800835132598877
0.44803687930107117 0.8315482139587402
0.4333468973636627 0.6229503154754639
0.4679200053215027 0.8942221999168396
0.4451923966407776 1.1757925748825073
0.47337570786476135 0.6701660752296448
0.4925635755062103 0.561535120010376
0.5132552981376648 0.5536977648735046
0.5049829483032227 0.8523834347724915
0.5086716413497925 0.7630835771560669
0.5146828293800354 0.7220485210418701
0.4844100773334503 0.5566661953926086
0.4652237296104431 0.7942481637001038
0.45454078912734985 0.9600915312767029
0.576610267162323 0.56253582239151
