1.7229653596878052 1.1211097240447998
1.6072137355804443 23.865907669067383
1.1417299509048462 1.0525176525115967
1.083175778388977 1.0424460172653198
1.117102026939392 138.76736450195312
1.069928765296936 1.0407377481460571
1.0668911933898926 1.0447652339935303
1.0526047945022583 1.038450837135315
1.095735788345337 1.268530011177063
1.060634732246399 1.041581392288208
1.050702452659607 1.0843477249145508
1.0826865434646606 1.0259326696395874
1.0520323514938354 1.063545823097229
1.0563520193099976 1.032367467880249
1.0450083017349243 1.0836005210876465
1.0491338968276978 1.0445138216018677
1.052854061126709 1.0327205657958984
1.0458117723464966 1.1768501996994019
1.0425766706466675 1.0473787784576416
1.0456448793411255 1.0296186208724976
1.0471206903457642 1.1055454015731812
1.048179268836975 1.0284279584884644
1.0473558902740479 1.039111614227295
1.0490275621414185 1.1313414573669434
1.048919439315796 1.137853741645813
1.0411642789840698 1.0499335527420044
1.0472888946533203 1.0710159540176392
1.038637399673462 1.0186395645141602
1.0411831140518188 1.136243462562561
1.0412929058074951 1.1486518383026123
1.0458678007125854 1.0558767318725586
1.0523207187652588 1.0264201164245605
1.043556571006775 1.0231027603149414
1.042140245437622 1.03933584690094
1.0505303144454956 1.0230814218521118
1.0466736555099487 1.0514445304870605
1.0451418161392212 1.0815926790237427
1.0386847257614136 1.0239644050598145
1.0484007596969604 1.0889009237289429
1.03586745262146 1.0343728065490723
1.0714952945709229 1.2553926706314087
1.0443850755691528 1.0266402959823608
1.0409759283065796 1.0296982526779175
1.0422415733337402 1.0372850894927979
1.0433582067489624 1.0289026498794556
1.041518211364746 1.0234692096710205
1.0489180088043213 1.0298370122909546
1.0454106330871582 1.0251137018203735
1.0365451574325562 1.055242896080017
1.0410890579223633 1.1488863229751587
1.040732502937317 1.0216668844223022
1.0488760471343994 1.1239732503890991
1.0471930503845215 1.067185640335083
1.0402885675430298 1.0187875032424927
1.0473694801330566 1.0499424934387207
1.0467058420181274 1.0207046270370483
1.0403238534927368 1.021187663078308
1.042442798614502 1.0546373128890991
1.031568169593811 1.0302362442016602
1.0447981357574463 1.0422478914260864
1.0440623760223389 1.1060353517532349
1.0344315767288208 1.0933432579040527
1.044013500213623 1.0205528736114502
1.050716519355774 1.027490258216858
1.0434659719467163 1.142440915107727
1.041448712348938 1.0302428007125854
1.0414352416992188 1.035025715827942
1.0371450185775757 1.0238838195800781
1.049133062362671 1.0278466939926147
1.0372751951217651 1.1190848350524902
1.0346351861953735 1.0354738235473633
1.0409382581710815 1.0652860403060913
1.0364949703216553 1.1669872999191284
1.0350452661514282 1.0855927467346191
1.0430935621261597 1.0521514415740967
1.039338231086731 1.0739563703536987
1.0415325164794922 1.0737676620483398
1.0389223098754883 1.0452401638031006
