2.150188684463501 65.47622680664062
1.8102484941482544 1.0609217882156372
1.050487995147705 1.3650590181350708
0.9562034606933594 0.7771368622779846
0.7576584815979004 0.629310131072998
0.6384626626968384 0.4634961783885956
0.5636367201805115 0.3863868713378906
0.48846685886383057 0.44611290097236633
0.4718630611896515 0.37700363993644714
0.4410627782344818 0.36283552646636963
0.4239932894706726 0.4213275611400604
0.39727264642715454 0.3316303491592407
0.39139190316200256 0.43218711018562317
0.38664549589157104 0.3214385211467743
0.37312889099121094 0.3440546691417694
0.3554086983203888 0.3502183258533478
0.35000523924827576 0.28609946370124817
0.33242878317832947 0.27280572056770325
0.3344646394252777 0.3236630856990814
0.598773717880249 0.2532711625099182
0.3260910212993622 0.31218838691711426
0.3177497088909149 0.5429800748825073
0.3126390278339386 0.2683362066745758
0.30371958017349243 0.24020205438137054
0.3054819703102112 0.26075422763824463
0.2957135736942291 0.27131953835487366
0.2932887375354767 0.2425321340560913
0.32001131772994995 0.2563339173793793
0.29099878668785095 0.2766405940055847
0.27979815006256104 0.273271381855011
0.28026628494262695 0.2421867847442627
0.27938511967658997 0.25418826937675476
0.2813130021095276 0.2575218677520752
0.2781048119068146 0.2200557440519333
0.2748369872570038 0.2537848651409149
0.2724607288837433 0.22193196415901184
0.28231027722358704 0.3369125723838806
0.290664404630661 0.3242606520652771
0.26385805010795593 0.262266606092453
0.26203396916389465 0.2112881988286972
0.3291587829589844 0.22716684639453888
0.2632817029953003 0.2792837619781494
0.26260513067245483 0.2298179268836975
0.2690180838108063 0.27968016266822815
0.26611238718032837 0.24225468933582306
0.2581573724746704 0.30078116059303284
0.25878459215164185 0.36924540996551514
0.30156466364860535 0.3660145401954651
0.2804328501224518 0.2541067898273468
0.25049889087677 0.24350696802139282
0.2536255121231079 0.29750916361808777
0.25481125712394714 0.38200873136520386
0.2474096715450287 0.31409013271331787
0.29255402088165283 0.2396807223558426
0.25893235206604004 0.2175915688276291
0.2534075081348419 0.20745405554771423
0.24857452511787415 0.4248189926147461
0.2557017207145691 0.2821955978870392
0.24483869969844818 0.24736396968364716
0.24222327768802643 0.26124700903892517
0.25880181789398193 0.22195853292942047
0.2696910500526428 0.21293509006500244
0.24728041887283325 0.24048902094364166
0.24014922976493835 0.2481260597705841
0.2420719861984253 0.2175585925579071
0.23345248401165009 0.2234300971031189
0.2351105958223343 0.2858041226863861
0.2999553978443146 0.23446227610111237
0.23575305938720703 0.20515795052051544
0.23547230660915375 0.2472323626279831
0.2295512706041336 0.20508050918579102
0.23092742264270782 0.19847442209720612
0.2711111009120941 0.19487427175045013
0.23456044495105743 0.3947935700416565
0.22924114763736725 0.251082181930542
0.2323770821094513 0.23509417474269867
0.2274417132139206 0.21242135763168335
0.22541148960590363 0.24748291075229645
0.23304179310798645 0.2505043148994446
0.2345735877752304 0.3179784119129181
0.2327083796262741 0.2578175961971283
0.22413982450962067 0.21643970906734467
0.22380748391151428 0.20063582062721252
0.2232985645532608 0.2042929083108902
0.22019816935062408 0.22368879616260529
0.22601532936096191 0.3553292751312256
0.2227647751569748 0.24763447046279907
0.21943192183971405 0.2312624454498291
0.47456711530685425 0.1931210607290268
0.21721473336219788 0.22041364014148712
0.20946364104747772 0.19906488060951233
0.21959447860717773 0.2676360607147217
0.21446985006332397 0.21989595890045166
0.219295933842659 0.24982857704162598
0.21878445148468018 0.2870730459690094
0.2150464951992035 0.2671319544315338
0.21235789358615875 0.3593919575214386
0.2119227647781372 0.24462497234344482
0.21291835606098175 0.23711979389190674
0.21262316405773163 0.2109299898147583
0.2119656801223755 0.21113000810146332
0.21114666759967804 0.22131261229515076
0.209967240691185 0.21636365354061127
0.20576848089694977 0.22833900153636932
0.20403775572776794 0.216999813914299
0.20895908772945404 0.20918293297290802
0.20669159293174744 0.2218114584684372
0.20946113765239716 0.21270428597927094
0.20533223450183868 0.25018689036369324
0.20637241005897522 0.19754253327846527
0.2063373625278473 0.1950807422399521
0.20461873710155487 0.20559540390968323
0.20424117147922516 0.2312934249639511
0.2035088837146759 0.2262049913406372
0.2032824605703354 0.22978539764881134
0.20537090301513672 0.19286464154720306
0.19991488754749298 0.3312737047672272
0.19929438829421997 0.24601128697395325
0.20049148797988892 0.3360433280467987
0.20310629904270172 0.24832183122634888
0.20328858494758606 0.23282209038734436
0.2065720409154892 0.28037402033805847
0.198625847697258 0.19613826274871826
0.1993064135313034 0.3330610394477844
0.20110078155994415 0.24342384934425354
0.27946168184280396 0.19745898246765137
0.20107156038284302 0.24656246602535248
0.1983599215745926 0.20363469421863556
0.1987209916114807 0.23881813883781433
0.20477062463760376 0.23143985867500305
0.19570253789424896 0.23638390004634857
0.20103438198566437 0.21483471989631653
0.4507349729537964 0.28082767128944397
0.2078237384557724 0.19326026737689972
0.6257303357124329 0.426607608795166
0.9287495017051697 0.5521475076675415
0.9811114072799683 0.6861587762832642
0.4383179843425751 0.26869288086891174
0.2869807779788971 0.24830792844295502
0.42348742485046387 0.9924821853637695
0.8479123115539551 0.46552014350891113
0.6527575850486755 0.7836305499076843
0.7562516331672668 0.3730984628200531
0.5542060732841492 0.8282042145729065
0.535625159740448 0.38331159949302673
0.43281427025794983 0.29316481947898865
0.3496616780757904 0.4938933849334717
0.5286268591880798 0.4305378496646881
0.3972752094268799 0.41794830560684204
0.5590616464614868 0.8824349045753479
0.8326796293258667 0.5249624848365784
0.6141170859336853 0.889091968536377
0.5121468305587769 0.459351509809494
0.4324674606323242 0.6326794624328613
0.3629775941371918 0.33706679940223694
0.3187747895717621 0.294409841299057
0.4240717589855194 0.7948305010795593
0.6549639701843262 0.5071929097175598
0.6575527191162109 0.4925236999988556
0.5152968764305115 0.46060633659362793
0.5215122699737549 0.3890625536441803
0.4813631772994995 0.3846763074398041
0.4588513970375061 0.3357822000980377
0.44686785340309143 0.3515651524066925
0.8189457058906555 0.8515439629554749
1.2679333686828613 1.1555856466293335
