2.7308201789855957 1.5377100706100464
1.3780913352966309 65.27396392822266
1.1624501943588257 1.1473608016967773
26.426511764526367 1.0691862106323242
1.1183265447616577 1.1977137327194214
1.1049953699111938 1.0457876920700073
1.0960910320281982 1.249966025352478
1.0857304334640503 1.0816270112991333
1.0912903547286987 1.1145187616348267
1.1613689661026 5.317642688751221
27.43865203857422 1.0999956130981445
1.0765292644500732 1.0579944849014282
1.083781123161316 1.0615595579147339
1.1200835704803467 209.6263427734375
6.231077194213867 1.093364953994751
1.6703999042510986 4.363339424133301
1.0683200359344482 1.273402452468872
1.0748250484466553 1.0569689273834229
1.0891265869140625 1.1164942979812622
1.7239259481430054 1.048358678817749
1.0658950805664062 1.0274337530136108
1.5810924768447876 1.3233588933944702
1.0787676572799683 1.0438275337219238
1.0733656883239746 1.0351390838623047
1.5555707216262817 1.3343640565872192
1.0700362920761108 1.040082573890686
1.0816456079483032 1.0352084636688232
1.0817317962646484 1.1927158832550049
1.075534462928772 1.0270369052886963
1.2103228569030762 1.0949503183364868
1.0684016942977905 1.070160984992981
1.0957180261611938 1.0543372631072998
1.0723662376403809 1.053635597229004
1.06640625 1.1881071329116821
1.0571237802505493 1.0616270303726196
1.06438148021698 1.111182689666748
1.0648921728134155 1.2026926279067993
1.0670812129974365 1.0506470203399658
1.0644867420196533 1.0412912368774414
1.0653138160705566 1.0919713973999023
1.489276647567749 5.73276948928833
1.0955753326416016 56.861900329589844
1.0996224880218506 2.1648671627044678
1.20173180103302 43.498619079589844
1.1549233198165894 70.26461791992188
1.0888936519622803 17.200942993164062
1.0792993307113647 144.24685668945312
1.2134766578674316 4.6037917137146
1.1691842079162598 1.0627864599227905
1.1075841188430786 1.360512137413025
1.0911293029785156 5.116629123687744
1.1489835977554321 5.101186752319336
1.1306310892105103 1.8964295387268066
1.1227262020111084 2.6256895065307617
1.2195017337799072 7.7001237869262695
1.0768717527389526 1.917742133140564
1.1205401420593262 9.89292049407959
1.069555640220642 1.9075106382369995
1.0653425455093384 1.0732420682907104
1.0502458810806274 1.0474152565002441
1.0929723978042603 1.2386785745620728
1.1264938116073608 1.1881142854690552
1.0602773427963257 1.0295506715774536
1.070988416671753 1.0312827825546265
1.0882935523986816 3.759855031967163
1.0973479747772217 2.088974714279175
1.2906742095947266 5.202328681945801
1.2706111669540405 4.3690104484558105
1.5571269989013672 1.8939632177352905
1.0659109354019165 18.965879440307617
1.1050138473510742 3.5086357593536377
1.0687676668167114 1.7624789476394653
1.054919958114624 1.028235912322998
1.1030797958374023 50.74151611328125
1.3465582132339478 1.3601362705230713
1.0632140636444092 13.354948997497559
1.081067442893982 3.0057637691497803
1.0786093473434448 16.685041427612305
1.46279776096344 2.933112621307373
