2.4325530529022217 2.540781259536743
1.2713661193847656 336.1571960449219
1.0891913175582886 1.164887547492981
1.049992561340332 1.0850533246994019
1.0698459148406982 1.0065548419952393
1.0741047859191895 0.9850696325302124
1.0452519655227661 0.9850072264671326
1.05149507522583 1.0511078834533691
1.221731185913086 0.9989041686058044
1.0902259349822998 9.123167991638184
1.1261296272277832 0.997312068939209
1.0536072254180908 0.9875946044921875
1.0472344160079956 15.120894432067871
1.0779680013656616 1.0261448621749878
1.0504215955734253 1.0250277519226074
1.0538772344589233 1.000898838043213
1.0410792827606201 1.231816291809082
1.0397852659225464 0.9818981885910034
1.0483075380325317 1.0085209608078003
1.255197525024414 0.9889346361160278
1.0818767547607422 1.029678225517273
1.0894291400909424 1.0429964065551758
1.1753097772598267 1.0676946640014648
1.0635586977005005 1.3671629428863525
1.0415427684783936 0.9875563383102417
1.0454131364822388 0.9883219003677368
1.067369818687439 1.1366052627563477
1.053342580795288 1.0958898067474365
1.0573275089263916 1.1191896200180054
1.1007827520370483 1.0031667947769165
1.0678305625915527 1.0016990900039673
1.049490213394165 0.987697184085846
1.0552483797073364 1.1609407663345337
1.0504539012908936 1.0072866678237915
1.0590107440948486 0.995343804359436
1.0614959001541138 0.9921872615814209
1.0546246767044067 1.0522863864898682
1.049027442932129 1.0339454412460327
