29.64655876159668 2.245022773742676
3.3454275131225586 1.6081486940383911
1.6929744482040405 1.5680897235870361
1.671844244003296 1.6224827766418457
1.6636343002319336 1.681381106376648
1.6728711128234863 1.5200016498565674
1.6837620735168457 1.7273496389389038
1.687047004699707 1.5665700435638428
1.6933441162109375 1.6527434587478638
1.684673547744751 1.4756830930709839
1.6741422414779663 1.5148773193359375
1.6849082708358765 1.7172006368637085
1.6782282590866089 1.4842368364334106
1.6789182424545288 1.7294743061065674
1.6924550533294678 1.535117506980896
1.685653805732727 2.4696385860443115
1.6893508434295654 1.484589695930481
1.680580735206604 1.8616504669189453
1.699558973312378 1.706093430519104
1.6693646907806396 2.2115700244903564
1.6935617923736572 1.9058258533477783
1.704641580581665 1.4752353429794312
1.6730836629867554 2.716718912124634
1.675561547279358 1.913130760192871
1.6858088970184326 2.111078977584839
1.6932021379470825 1.563570499420166
1.697035312652588 1.476361870765686
1.6671459674835205 2.146864414215088
1.6945252418518066 1.5357110500335693
1.6803017854690552 1.4779269695281982
1.6917083263397217 1.4788874387741089
1.6901295185089111 2.447171449661255
1.6782400608062744 1.4862523078918457
1.6944926977157593 1.7508999109268188
1.6767123937606812 1.9865084886550903
1.6800228357315063 1.8967857360839844
1.666168451309204 1.6904873847961426
1.6846784353256226 2.260594606399536
1.69205641746521 1.8647550344467163
1.6766163110733032 1.580797553062439
1.6775940656661987 1.5348981618881226
1.673082709312439 1.6065353155136108
