77.5475845336914 1.526477336883545
1.690425992012024 1.6255813837051392
1.6882984638214111 1.4790098667144775
1.6916778087615967 1.4767553806304932
1.712224006652832 2.073317527770996
1.7244349718093872 1.9474393129348755
1.7075927257537842 1.4915354251861572
1.7064608335494995 1.7667458057403564
1.6815719604492188 1.5061771869659424
1.695496678352356 1.7057398557662964
1.7011206150054932 1.506150722503662
1.6860541105270386 1.6307717561721802
1.6882455348968506 1.919860601425171
1.6883373260498047 1.5595793724060059
1.6921738386154175 1.5318511724472046
1.6910359859466553 1.8276594877243042
1.6911448240280151 1.4886142015457153
1.6971681118011475 1.482222080230713
1.6998060941696167 1.536135196685791
1.6914137601852417 1.4875503778457642
1.6933289766311646 1.4852076768875122
1.7025697231292725 1.8557003736495972
1.6970996856689453 1.5335497856140137
1.7095032930374146 1.6385926008224487
