1.3167400360107422 1.315735101699829
1.2453190088272095 1.5927643775939941
1.1229389905929565 1.0264909267425537
1.1925736665725708 1.106448769569397
1.066602110862732 1.0081334114074707
1.0617653131484985 1.0069961547851562
1.044127106666565 1.018574595451355
1.068050742149353 1.0093971490859985
1.1719187498092651 1.4358935356140137
1.402158260345459 1.2796915769577026
1.4578917026519775 1.4290108680725098
1.4266453981399536 1.4652284383773804
1.421313762664795 1.4862332344055176
1.4225231409072876 1.4599082469940186
1.4278919696807861 1.4802789688110352
1.455212116241455 1.4811913967132568
1.4273241758346558 1.4515986442565918
1.4009312391281128 1.4312855005264282
1.446256160736084 1.5037333965301514
1.4648258686065674 1.3553622961044312
