2.0889272689819336 1082.0352783203125
1.4152425527572632 1562.469482421875
1.3517394065856934 70.56936645507812
1.3767741918563843 1.082481026649475
1.0533571243286133 142.04859924316406
0.9002463221549988 0.7486386299133301
0.7743130922317505 0.750993013381958
0.6974465250968933 0.5880759954452515
0.6490979194641113 0.5591517090797424
0.6171835660934448 0.5954025387763977
0.5858010053634644 0.5842348337173462
0.5709594488143921 0.5268358588218689
0.5616371631622314 0.5575773119926453
0.5408489108085632 0.49734991788864136
0.5244166254997253 0.47118717432022095
0.509895384311676 0.47424742579460144
0.5036229491233826 0.5760597586631775
0.49405398964881897 0.47123202681541443
0.4827594459056854 0.5330948233604431
0.4716530740261078 0.4185381829738617
0.4741789400577545 0.5510320067405701
0.4595419466495514 0.4307737946510315
0.44947347044944763 0.38282397389411926
0.44671404361724854 0.5185637474060059
0.438954621553421 0.4488477408885956
0.43637385964393616 0.5184866189956665
0.42706379294395447 0.49281761050224304
0.4278319478034973 0.40515461564064026
0.41501712799072266 0.447824627161026
0.4115140438079834 0.3872005343437195
0.40887710452079773 0.3647100627422333
0.405795156955719 0.3791007697582245
0.40247708559036255 0.3639968931674957
0.3998490869998932 0.454399973154068
0.39595872163772583 0.35950636863708496
0.39461278915405273 0.3748440146446228
0.3930107355117798 0.34516826272010803
0.38871148228645325 0.5142247676849365
0.3818291425704956 0.3962452709674835
0.38074833154678345 0.37375974655151367
0.3764142394065857 0.36232367157936096
0.37205761671066284 0.41766709089279175
0.36733394861221313 0.3584321141242981
0.365060418844223 0.33376768231391907
0.3573564887046814 0.33674511313438416
0.3549823462963104 0.3666921555995941
0.3501233160495758 0.35921555757522583
0.34476813673973083 0.3899531960487366
0.3469945788383484 0.3524482846260071
0.34314894676208496 0.3462038040161133
0.3370625972747803 0.40312665700912476
0.33727362751960754 0.3394266963005066
0.3351021409034729 0.35519665479660034
0.3347606956958771 0.3057325482368469
0.3307057321071625 0.368365615606308
0.328019917011261 0.29607489705085754
0.3276980221271515 0.3530062735080719
0.3267456889152527 0.5644446015357971
0.32430046796798706 0.3413486182689667
0.32147395610809326 0.29898297786712646
0.32118937373161316 0.3316362202167511
0.3180571496486664 0.5530744194984436
0.3215731680393219 0.2986464500427246
0.31801167130470276 0.3028682470321655
0.3164985775947571 0.2903454899787903
0.31431588530540466 0.3728266954421997
0.31320786476135254 0.3007632791996002
0.3126699924468994 0.3161386549472809
0.3056720793247223 0.331523597240448
0.3049737811088562 0.31624746322631836
0.30626341700553894 0.30924978852272034
0.30403047800064087 0.3285863399505615
0.30367565155029297 0.28816625475883484
0.3029952049255371 0.2992829978466034
0.2991183400154114 0.28685155510902405
0.29793891310691833 0.4409233331680298
0.3022896647453308 0.2758167088031769
0.30084356665611267 0.2790147662162781
0.2972722351551056 0.2752866744995117
0.2956205904483795 0.2853749096393585
