1.565094232559204 1.5085843801498413
1.5341616868972778 1.5073609352111816
1.5358222723007202 1.5035936832427979
1.532559871673584 1.5507375001907349
1.5302869081497192 1.5684847831726074
1.5301212072372437 1.5064948797225952
1.5333627462387085 1.5178437232971191
1.5318628549575806 1.55742609500885
1.533280372619629 1.5231693983078003
1.5337343215942383 1.506728172302246
1.532609224319458 1.5061874389648438
1.5342884063720703 1.5274710655212402
1.5324488878250122 1.5315550565719604
1.530023455619812 1.509157657623291
1.5325322151184082 1.5171939134597778
1.5343738794326782 1.5156474113464355
1.533663272857666 1.5036342144012451
1.5323058366775513 1.5503649711608887
1.5327929258346558 1.5082064867019653
1.5336250066757202 1.504496455192566
1.5298895835876465 1.5061609745025635
1.5289357900619507 1.5308144092559814
1.533672571182251 1.5033637285232544
1.5300179719924927 1.6546458005905151
1.5332820415496826 1.5220704078674316
1.530876874923706 1.5045379400253296
1.5281565189361572 1.5034337043762207
1.53103506565094 1.5032389163970947
1.5324809551239014 1.523736834526062
1.5356674194335938 1.5046573877334595
1.5342271327972412 1.5317254066467285
1.5348460674285889 1.5341154336929321
1.5354459285736084 1.5150142908096313
1.530964732170105 1.5045889616012573
1.5351412296295166 1.503400206565857
1.534342885017395 1.5100605487823486
1.536637306213379 1.5329593420028687
1.5346190929412842 1.587502121925354
1.5325067043304443 1.5048224925994873
1.5321327447891235 1.5051530599594116
1.5350960493087769 1.5405819416046143
1.5327050685882568 1.5514039993286133
1.52958083152771 1.522416353225708
1.5330952405929565 1.5081007480621338
1.5349987745285034 1.510239601135254
1.5318671464920044 1.5519731044769287
1.5341554880142212 1.509083867073059
1.532340168952942 1.5125706195831299
1.5276950597763062 1.6246047019958496
1.53288996219635 1.507994532585144
1.532397747039795 1.5034171342849731
1.53030264377594 1.617950439453125
1.5334482192993164 1.5125046968460083
1.5356992483139038 1.5060782432556152
1.532644510269165 1.5946617126464844
1.5306216478347778 1.5074210166931152
1.5270488262176514 1.5064557790756226
1.5333583354949951 1.5650029182434082
1.5319503545761108 1.5523178577423096
1.5332475900650024 1.5089282989501953
1.5307071208953857 1.5374319553375244
1.5340896844863892 1.5036042928695679
1.5352858304977417 1.5148699283599854
1.5312621593475342 1.5038203001022339
1.531630516052246 1.5033073425292969
1.5323132276535034 1.5043706893920898
1.5313637256622314 1.5265862941741943
1.535348653793335 1.5123767852783203
1.5324352979660034 1.51680588722229
1.5297791957855225 1.5127990245819092
1.534830093383789 1.562629222869873
1.5304484367370605 1.5463225841522217
1.5296522378921509 1.5103448629379272
1.5282797813415527 1.5667363405227661
1.5299066305160522 1.5039397478103638
1.5361281633377075 1.5081701278686523
1.5312186479568481 1.5365362167358398
1.5309534072875977 1.5320073366165161
