3.465718984603882 1.4585367441177368
1.289833664894104 1.1358287334442139
1.1516777276992798 1.0878820419311523
1.093030571937561 1.1284804344177246
1.0660957098007202 1.0451618432998657
1.0613173246383667 1.047837734222412
1.0511820316314697 1.1322131156921387
1.0471110343933105 1.0442266464233398
1.0734758377075195 1.0337690114974976
1.038076400756836 1.0597739219665527
1.1283575296401978 1.061057686805725
1.0737954378128052 1.1548799276351929
1.044365406036377 1.0871573686599731
1.0287818908691406 1.0231242179870605
1.0231837034225464 1.0128371715545654
1.0245599746704102 1.019730567932129
1.0224710702896118 1.000252604484558
0.9984328746795654 0.9920231103897095
0.9865795373916626 1.0160343647003174
1.0086452960968018 0.9876894950866699
0.9743690490722656 0.9501638412475586
0.9527556896209717 0.9571224451065063
0.9335495829582214 0.8994244337081909
0.922389805316925 1.0468279123306274
0.9024631381034851 0.8542172908782959
0.8621343374252319 0.8393703103065491
0.8401433825492859 1.2019400596618652
0.8398740887641907 0.7743279337882996
0.7758385539054871 0.9254487156867981
0.7304745316505432 0.6510416269302368
0.6892148852348328 0.8787333369255066
0.6521067023277283 0.7112683653831482
0.6170871257781982 0.5589454770088196
0.5775429010391235 0.5648983120918274
0.552686870098114 0.4521125257015228
0.5370758175849915 0.554513156414032
0.5193153619766235 0.4485144019126892
0.5037735104560852 0.40155550837516785
0.4903077781200409 0.498867005109787
0.48648667335510254 0.4153008460998535
0.4848244786262512 0.6178538203239441
0.4767642319202423 0.4676451086997986
0.46298298239707947 0.4922976493835449
0.45962193608283997 0.39897969365119934
0.4500233829021454 0.43729424476623535
0.4494858682155609 0.3702802360057831
0.44035857915878296 0.3870834410190582
0.5371206998825073 0.41516727209091187
0.4424334764480591 0.496987521648407
0.4177749752998352 0.34128013253211975
0.4137329161167145 0.32641303539276123
0.41267821192741394 0.35624784231185913
0.39813005924224854 0.36090925335884094
0.39432740211486816 0.3228629231452942
0.3891448974609375 0.3920050859451294
0.3891489505767822 0.35269081592559814
0.37362003326416016 0.38595324754714966
0.3747916519641876 0.36212387681007385
0.3715532422065735 0.3281475305557251
0.36996251344680786 0.3284399211406708
0.3617405891418457 0.30770543217658997
0.35778817534446716 0.3419063985347748
0.3503822386264801 0.2675005793571472
0.34779390692710876 0.27696311473846436
0.3464500606060028 0.31627196073532104
0.34451431035995483 0.36155587434768677
0.33937868475914 0.34194478392601013
0.3351338803768158 0.29765021800994873
0.3369620144367218 0.31364303827285767
0.3326822817325592 0.28887540102005005
0.3316563069820404 0.4170185923576355
0.32899701595306396 0.32957425713539124
0.3273758292198181 0.396758496761322
0.32625845074653625 0.30955109000205994
0.3247733414173126 0.3028780221939087
0.3254156708717346 0.26857081055641174
0.323428750038147 0.30376550555229187
0.32162541151046753 0.2818635106086731
0.3163449764251709 0.28208914399147034
0.31237995624542236 0.31996506452560425
0.31682732701301575 0.52740877866745
0.31333860754966736 0.2735193967819214
0.3107379078865051 0.25964346528053284
0.8696879148483276 0.778396487236023
0.40513700246810913 0.3551750183105469
0.32334983348846436 0.3556234836578369
0.3175676763057709 0.25997549295425415
0.3162124752998352 0.3286183774471283
0.3163978159427643 0.4448069632053375
0.30882728099823 0.2972087264060974
0.3053241968154907 0.33502712845802307
0.3039698600769043 0.3654294013977051
0.29807692766189575 0.304829865694046
0.30510231852531433 0.2644176483154297
0.2981070280075073 0.3404332399368286
0.3136962354183197 0.5778104066848755
0.3033764958381653 0.29814013838768005
0.3024815320968628 0.24653726816177368
0.2926986813545227 0.408893346786499
0.28681454062461853 0.2992565929889679
0.29025018215179443 0.24553190171718597
0.3061871826648712 0.263620525598526
0.29016202688217163 0.2569442093372345
0.28907090425491333 0.334763765335083
0.2842482626438141 0.30502572655677795
0.7614383101463318 0.6597326993942261
0.49014562368392944 0.29674649238586426
0.30716782808303833 0.25098514556884766
0.29564470052719116 0.33821752667427063
0.30499234795570374 0.5673117637634277
0.31544074416160583 0.2988792359828949
0.291881263256073 0.2602255344390869
0.28243207931518555 0.23799537122249603
0.30047836899757385 0.2511545717716217
0.3383689820766449 0.39054006338119507
0.3845008611679077 0.3747234344482422
0.28902193903923035 0.2784581780433655
0.2868160307407379 0.29566383361816406
0.27947258949279785 0.250677227973938
0.28254434466362 0.2335997074842453
0.28093764185905457 0.3149487376213074
0.27687275409698486 0.25361108779907227
0.2793012857437134 0.27052047848701477
0.29422205686569214 0.3411174714565277
0.27816206216812134 0.2399875819683075
0.276710569858551 0.42990922927856445
0.2724919617176056 0.30624672770500183
0.27430686354637146 0.24898463487625122
0.28803592920303345 0.36524152755737305
0.2758157253265381 0.3216966986656189
0.27255409955978394 0.426714152097702
0.2704680562019348 0.31365349888801575
0.27220991253852844 0.2902221381664276
0.26891016960144043 0.2803589105606079
0.2864857017993927 0.253755122423172
0.27612820267677307 0.2504582107067108
0.274973601102829 0.39413201808929443
0.27267298102378845 0.3912641704082489
0.26729315519332886 0.3744351267814636
0.26762938499450684 0.2571350038051605
0.26896607875823975 0.4232630431652069
0.26885324716567993 0.3395422101020813
0.26570603251457214 0.24656479060649872
0.27258554100990295 0.23888815939426422
0.26650285720825195 0.3328268229961395
0.2762289345264435 0.23953655362129211
0.2698926627635956 0.24995768070220947
0.2664048969745636 0.2529359757900238
0.26687029004096985 0.2958662807941437
0.2628368139266968 0.2686470150947571
0.2690725326538086 0.35610756278038025
0.26371029019355774 0.4543166756629944
0.2649725079536438 0.2350522130727768
0.26411524415016174 0.25263306498527527
0.26758918166160583 0.2814582586288452
0.2636840343475342 0.3099287450313568
0.25709155201911926 0.34711578488349915
0.2622026205062866 0.2651318609714508
0.2639032006263733 0.2610654830932617
0.26328417658805847 0.28884586691856384
0.26065629720687866 0.33472898602485657
0.26063185930252075 0.3870599567890167
0.2633841335773468 0.330851674079895
0.2621307373046875 0.28510043025016785
0.2616497576236725 0.24281367659568787
0.2666509449481964 0.24156562983989716
0.2590637803077698 0.5870434641838074
0.2662533223628998 0.2329409271478653
0.26204392313957214 0.2552490532398224
0.2582865357398987 0.27177849411964417
0.2582344710826874 0.2941738963127136
0.25807344913482666 0.3398246467113495
0.26052770018577576 0.27878254652023315
0.2558908760547638 0.28359276056289673
0.2639048993587494 0.3239232897758484
0.2601245939731598 0.2800569534301758
0.25916388630867004 0.25518709421157837
0.25511157512664795 0.26710695028305054
0.2546980679035187 0.2811914384365082
0.2534903287887573 0.2792688012123108
0.2539229393005371 0.22201327979564667
0.26379668712615967 0.2558107376098633
0.25420722365379333 0.3198598325252533
0.25542160868644714 0.27453479170799255
0.25659245252609253 0.28238242864608765
0.26069894433021545 0.23548036813735962
0.256746768951416 0.30215907096862793
0.25317317247390747 0.28517210483551025
0.2570682764053345 0.2755652070045471
0.2543991804122925 0.3198220431804657
0.2569483518600464 0.3529910147190094
0.2523978650569916 0.32819128036499023
0.25253549218177795 0.35667094588279724
0.2514537274837494 0.2701520025730133
0.25416886806488037 0.2649455964565277
0.25277841091156006 0.346066951751709
0.2524706721305847 0.24303390085697174
0.256486177444458 0.28442487120628357
0.24955134093761444 0.2360876053571701
0.2484409213066101 0.2883352041244507
0.25300803780555725 0.26522862911224365
0.2516899108886719 0.22190231084823608
0.25014179944992065 0.3187507092952728
0.2539637088775635 0.26252201199531555
0.24588683247566223 0.3032408654689789
0.24953146278858185 0.3527824878692627
0.24867969751358032 0.3341543674468994
0.24858403205871582 0.3687768578529358
0.24868080019950867 0.38262423872947693
0.2483491748571396 0.369536817073822
0.251595139503479 0.2895893454551697
0.24837589263916016 0.3124540448188782
0.24933204054832458 0.3811352252960205
0.24973154067993164 0.2654348313808441
0.25279903411865234 0.2982928156852722
0.2514174282550812 0.24561364948749542
0.2642200291156769 0.286160945892334
0.25544989109039307 0.25875651836395264
0.24705982208251953 0.2341039627790451
0.24762019515037537 0.31881219148635864
0.2564655840396881 0.2562495172023773
0.251242458820343 0.3167758882045746
0.2618301212787628 0.4057422876358032
0.27867254614830017 0.22181203961372375
0.2507322132587433 0.3178531229496002
0.2505152225494385 0.33544936776161194
0.24605265259742737 0.25625813007354736
0.24464689195156097 0.3020438849925995
0.24618850648403168 0.3314271569252014
0.24408432841300964 0.2612197995185852
0.24711450934410095 0.2453000694513321
0.24629738926887512 0.3372308015823364
0.2434849888086319 0.27791574597358704
0.24275536835193634 0.31943848729133606
0.24763838946819305 0.282405823469162
0.2452741414308548 0.23136627674102783
0.25009363889694214 0.280213862657547
0.2483108937740326 0.3418788015842438
0.2432837337255478 0.23723192512989044
0.24385425448417664 0.2901327908039093
0.24292905628681183 0.250802606344223
0.25008565187454224 0.503826379776001
0.24151864647865295 0.3033526837825775
0.240281343460083 0.32410335540771484
0.24610520899295807 0.25454509258270264
0.24166657030582428 0.35935312509536743
0.24015823006629944 0.3436931073665619
0.2430548220872879 0.3470388650894165
0.2396121323108673 0.30524176359176636
0.2423403114080429 0.34800049662590027
0.24424761533737183 0.2624273896217346
0.6400747299194336 0.9760429263114929
0.9631311297416687 0.7324963212013245
0.8853219151496887 1.1515707969665527
0.8809369802474976 0.6922441124916077
0.5605384707450867 0.43496525287628174
0.48027774691581726 0.34024882316589355
0.38707104325294495 0.33685269951820374
0.3502792716026306 0.3803445100784302
0.3566661477088928 0.31234800815582275
0.4286080002784729 0.35966894030570984
0.3501489460468292 0.3017517328262329
0.2952881157398224 0.29500484466552734
0.273157000541687 0.28740552067756653
0.2681884169578552 0.2849122881889343
0.26586535573005676 0.27534669637680054
0.2600836753845215 0.3438703715801239
0.2590639293193817 0.31862685084342957
0.2609822750091553 0.24588240683078766
0.2604807913303375 0.32049426436424255
0.2540730834007263 0.3867992162704468
0.249501571059227 0.25051698088645935
0.2535230815410614 0.4584094285964966
0.2515728771686554 0.28390374779701233
