1.736045241355896 1.533055067062378
1.5524682998657227 1.524242877960205
1.5716283321380615 1.5032389163970947
1.5551174879074097 1.5893574953079224
1.5540486574172974 1.5217869281768799
1.5519150495529175 1.5452373027801514
1.5575100183486938 1.7187395095825195
1.5564606189727783 1.5877405405044556
1.5670663118362427 1.5676512718200684
1.5546159744262695 1.5042719841003418
1.5522353649139404 1.5075414180755615
1.5597853660583496 1.543815016746521
1.561532974243164 1.5274717807769775
1.5632222890853882 1.7154569625854492
1.5593376159667969 1.520676612854004
1.5570818185806274 1.5873900651931763
1.5576086044311523 1.5836985111236572
1.5575798749923706 1.5262845754623413
1.556602954864502 1.6403419971466064
1.5524728298187256 1.5352625846862793
1.5572012662887573 1.5438628196716309
1.5533372163772583 1.5052903890609741
1.5564072132110596 1.5434969663619995
1.560338020324707 1.5285043716430664
1.5495637655258179 1.5923290252685547
1.5519086122512817 1.7086057662963867
1.5612075328826904 1.532530426979065
1.5598770380020142 1.5051690340042114
1.5508781671524048 1.5179893970489502
1.5543327331542969 1.5117501020431519
1.5555826425552368 1.5358728170394897
1.5665431022644043 1.6873749494552612
1.5535324811935425 1.5033303499221802
1.5520268678665161 1.5105544328689575
1.558819055557251 1.511939287185669
1.5557528734207153 1.521701693534851
1.552477478981018 1.5047506093978882
1.5560320615768433 1.5134594440460205
1.5619462728500366 1.512256383895874
1.5636420249938965 1.5033413171768188
1.558659315109253 1.5523511171340942
1.5549346208572388 1.516886830329895
1.551208734512329 1.511322259902954
1.5616223812103271 1.5218876600265503
1.5539852380752563 1.5043891668319702
1.5480685234069824 1.505599021911621
1.5555750131607056 1.5055814981460571
1.5585851669311523 1.51383376121521
1.5566834211349487 1.5437544584274292
1.5585397481918335 1.573256254196167
1.5528098344802856 1.5045274496078491
1.5584344863891602 1.590613603591919
1.5528782606124878 1.6425243616104126
