2.6560096740722656 1.2443267107009888
1.2444161176681519 2.9170141220092773
1.2917383909225464 1.0768386125564575
1.4166738986968994 1.016618013381958
2.244610548019409 0.9722009897232056
0.9806800484657288 0.8303762674331665
0.8595722913742065 1.0433818101882935
0.7494708895683289 0.6216816902160645
0.6420683264732361 0.4279059171676636
0.5748113393783569 0.4395049214363098
0.5415041446685791 0.5202773213386536
0.5182658433914185 0.36748337745666504
0.47240766882896423 0.34379786252975464
0.4648490250110626 0.37496641278266907
0.4538514018058777 0.3837282955646515
0.41756659746170044 0.48701560497283936
0.4167381227016449 0.4474024474620819
0.399579256772995 0.30195218324661255
0.38886964321136475 0.37149977684020996
0.3736991882324219 0.29114681482315063
0.37637850642204285 0.2979479730129242
0.3595817983150482 0.47399890422821045
0.36191895604133606 0.4272059500217438
0.3558442294597626 0.3313118815422058
0.35354745388031006 0.5412078499794006
0.3458787798881531 0.27030426263809204
0.3359295129776001 0.32429176568984985
0.3379269540309906 0.27214881777763367
0.3313172459602356 0.3874402940273285
0.3340778946876526 0.26738378405570984
0.3240470290184021 0.391673743724823
0.3285384774208069 0.26895713806152344
0.31736522912979126 0.48397114872932434
0.31989312171936035 0.3286738991737366
0.3146990239620209 0.2578498423099518
0.31672585010528564 0.2933998107910156
0.3069800138473511 0.2738523781299591
0.3075036108493805 0.2989520728588104
0.3071420192718506 0.25847190618515015
0.3034735321998596 0.2893555760383606
0.29824891686439514 0.24612991511821747
0.29020804166793823 0.25153928995132446
0.29965126514434814 0.24139796197414398
0.28969860076904297 0.30928701162338257
0.29538148641586304 0.3111245036125183
0.28521406650543213 0.280597984790802
0.28362560272216797 0.2795184850692749
0.2877245545387268 0.7592926621437073
0.2977832555770874 0.3727518618106842
0.2839857041835785 0.27824750542640686
0.28216031193733215 0.27105265855789185
0.2740784287452698 0.24671714007854462
0.27857840061187744 0.24787919223308563
0.2693882882595062 0.301818311214447
0.2755983769893646 0.3033317029476166
0.274137407541275 0.26146072149276733
0.27362725138664246 0.3185489773750305
0.2705111503601074 0.2328832894563675
0.2746444344520569 0.2978564202785492
0.2745744287967682 0.22993536293506622
0.2671731114387512 0.25171005725860596
0.2631160020828247 0.35920578241348267
0.2647773027420044 0.3141583204269409
0.25466641783714294 0.23453351855278015
0.2677372395992279 0.2889326214790344
0.26240721344947815 0.2523215413093567
0.26261311769485474 0.309775173664093
0.2567910850048065 0.2268744558095932
0.2592124342918396 0.20911537110805511
0.252980500459671 0.23749373853206635
0.2558997571468353 0.22320455312728882
0.25805261731147766 0.2751249372959137
0.2522136867046356 0.2630051374435425
0.24746355414390564 0.2197514921426773
0.25255128741264343 0.24428167939186096
0.25166940689086914 0.2299211621284485
0.2507539391517639 0.22894500195980072
0.25408652424812317 0.28262168169021606
0.24935832619667053 0.23516011238098145
0.25125646591186523 0.22566014528274536
0.2493743896484375 0.2796384394168854
0.24425680935382843 0.35835519433021545
0.24907979369163513 0.21222908794879913
0.2428779900074005 0.28750333189964294
0.24045376479625702 0.21370674669742584
0.24288181960582733 0.22143934667110443
0.24315035343170166 0.22057588398456573
0.24073225259780884 0.20876309275627136
0.24311673641204834 0.23940818011760712
0.2431323230266571 0.29152145981788635
0.24023514986038208 0.23700103163719177
0.23659679293632507 0.21926529705524445
0.23895153403282166 0.21432624757289886
0.2371116578578949 0.2698124647140503
0.23579449951648712 0.297158420085907
0.24017556011676788 0.20974896848201752
0.23415587842464447 0.21389830112457275
0.23285511136054993 0.23046554625034332
0.2370707243680954 0.2864181399345398
0.23150400817394257 0.2127959430217743
0.23753924667835236 0.2508328855037689
0.23357923328876495 0.2303532212972641
0.2287060171365738 0.21317718923091888
0.22994747757911682 0.5276839733123779
0.22855256497859955 0.23521679639816284
0.23089948296546936 0.23415863513946533
0.22978560626506805 0.20722971856594086
0.23179933428764343 0.6219255328178406
0.22779810428619385 0.22850364446640015
0.22495824098587036 0.3434268534183502
0.22469550371170044 0.20004208385944366
0.2343706637620926 0.22148072719573975
0.2313014715909958 0.34355077147483826
0.2296672761440277 0.23450106382369995
0.22769460082054138 0.19431868195533752
0.22765550017356873 0.3022518754005432
0.22804422676563263 0.2128329873085022
0.22782579064369202 0.22032485902309418
0.2306884378194809 0.21625594794750214
0.22257600724697113 0.20821915566921234
0.22053617238998413 0.3404850363731384
0.22442658245563507 0.2458840161561966
0.2211272418498993 0.2116464525461197
0.22149932384490967 0.2244405448436737
0.21857967972755432 0.20046547055244446
0.2194601446390152 0.21665646135807037
0.22160711884498596 0.2023972123861313
0.7812483310699463 0.2976202070713043
0.23590190708637238 0.21095779538154602
0.22328220307826996 0.23473362624645233
0.21281583607196808 0.21000877022743225
0.21713295578956604 0.22687718272209167
0.22327116131782532 0.23230613768100739
0.21741962432861328 0.20155052840709686
0.2175246626138687 0.24146893620491028
0.21586652100086212 0.22419576346874237
0.2236507385969162 0.3730977475643158
0.22446280717849731 0.2584947645664215
0.22051602602005005 0.34183233976364136
0.2206278294324875 0.417172908782959
0.21534696221351624 0.22439900040626526
0.21327079832553864 0.21232131123542786
0.21477662026882172 0.20617878437042236
0.21437278389930725 0.2343771904706955
0.20943814516067505 0.25007152557373047
0.21135888993740082 0.28559035062789917
0.20909732580184937 0.303183913230896
0.22713878750801086 0.23991255462169647
0.21490801870822906 0.23055961728096008
0.2119675874710083 0.2751094400882721
0.2151632159948349 0.23656578361988068
0.21674498915672302 0.2182827740907669
0.20978236198425293 0.2071976661682129
0.2189754694700241 0.20906470715999603
0.20912334322929382 0.2657982409000397
0.2127770483493805 0.19575564563274384
0.20527885854244232 0.192306786775589
0.20959313213825226 0.20964114367961884
0.2069353312253952 0.2709283232688904
0.21116366982460022 0.31800103187561035
0.20722593367099762 0.21986135840415955
0.20794153213500977 0.19593767821788788
0.20179224014282227 0.27629554271698
0.20622150599956512 0.21471469104290009
0.20497296750545502 0.21035821735858917
0.203860342502594 0.215451180934906
0.23107817769050598 0.2525734603404999
0.20933248102664948 0.22422367334365845
0.204025998711586 0.2287304550409317
0.20470814406871796 0.39726096391677856
0.20364700257778168 0.21707934141159058
0.20558826625347137 0.37944498658180237
0.20348352193832397 1.3680000305175781
0.20216047763824463 0.2027541846036911
0.19969943165779114 0.20290111005306244
0.2011273205280304 0.19852149486541748
0.20331500470638275 0.25220802426338196
0.20231842994689941 0.28460419178009033
0.20331411063671112 0.22104494273662567
0.19915418326854706 0.20156581699848175
0.2015758603811264 0.32065823674201965
0.2019083946943283 0.34165093302726746
0.2016761153936386 0.20688599348068237
0.20064963400363922 0.1994161158800125
0.20125152170658112 0.2187042087316513
0.19580496847629547 0.21823237836360931
0.20200417935848236 0.19677019119262695
0.200055792927742 0.27869847416877747
0.19948631525039673 0.30381691455841064
0.19547557830810547 0.22435177862644196
0.20112518966197968 0.24928483366966248
0.19934338331222534 0.24928773939609528
0.19710330665111542 0.2479938268661499
0.1976543515920639 0.1910277158021927
0.19514916837215424 0.24039307236671448
0.19540606439113617 0.20439308881759644
0.19413618743419647 0.23036864399909973
0.1969320923089981 0.3290829360485077
0.19589459896087646 0.2953214943408966
0.19974257051944733 0.2917586863040924
0.19427166879177094 0.2042921781539917
0.19673997163772583 0.429797500371933
0.1901153177022934 0.35021355748176575
0.1936083287000656 0.21028582751750946
0.19502975046634674 0.18814103305339813
0.19268852472305298 0.37205052375793457
0.18915370106697083 0.22284871339797974
0.1941106766462326 0.19626927375793457
0.19012713432312012 0.3917590379714966
0.18874521553516388 0.32564884424209595
0.1953994780778885 0.22651894390583038
0.1933550387620926 0.19589771330356598
0.18913927674293518 0.40538913011550903
0.19182933866977692 0.20835117995738983
0.19017581641674042 0.36063313484191895
0.1907499134540558 0.2213306874036789
0.19134660065174103 0.21286579966545105
0.18769967555999756 0.20656976103782654
0.19115936756134033 0.19461272656917572
0.19115550816059113 0.22395646572113037
0.1878388524055481 0.40531253814697266
0.19115015864372253 0.2330852746963501
0.18637412786483765 0.2463064193725586
0.18770180642604828 0.2257785052061081
0.18849767744541168 0.2055457979440689
0.18532632291316986 0.25485289096832275
0.1879667192697525 0.3221864104270935
0.190312922000885 0.30256879329681396
0.18528319895267487 0.3326312005519867
0.1871490627527237 0.23341940343379974
0.18258121609687805 0.19273650646209717
0.18594001233577728 0.29855185747146606
0.18564000725746155 0.19474606215953827
0.18448562920093536 0.20685459673404694
0.18624979257583618 0.2547563910484314
0.18734920024871826 0.3780948519706726
0.18758821487426758 0.39324307441711426
0.1866016685962677 0.2403874397277832
0.184942364692688 0.39708206057548523
0.18329869210720062 0.2891145944595337
0.1846889853477478 0.273345947265625
0.18579548597335815 0.3659683167934418
0.184243842959404 0.21118669211864471
0.18293413519859314 0.2681245505809784
0.18496118485927582 0.2506943345069885
0.18026649951934814 0.22109714150428772
0.18674251437187195 0.3067297041416168
0.18412552773952484 0.1996394544839859
0.18339088559150696 0.346526175737381
0.17881259322166443 0.19141735136508942
0.17733533680438995 0.43759411573410034
0.18044039607048035 0.19955036044120789
0.1824619024991989 0.28863325715065
0.17724330723285675 0.3004734516143799
0.1780087798833847 0.22724971175193787
