1.5333830118179321 1.1034045219421387
1.1083310842514038 1.068651795387268
1.0747343301773071 1.0788999795913696
1.0602649450302124 1.0496269464492798
1.0456520318984985 1.0463242530822754
1.0388286113739014 1.06582510471344
1.0338913202285767 1.069189429283142
1.0392398834228516 1.0609028339385986
1.0437721014022827 1.07466721534729
1.0333009958267212 1.0418084859848022
1.030078649520874 1.0443476438522339
1.039326786994934 1.0319571495056152
1.0333503484725952 1.039565086364746
1.0306347608566284 1.0305206775665283
1.037549614906311 1.05570650100708
1.0237308740615845 1.0664845705032349
1.0317107439041138 1.1253669261932373
1.0307897329330444 1.035465955734253
1.041459560394287 1.0744637250900269
1.0301676988601685 1.0643630027770996
1.025350570678711 1.0407054424285889
1.0251494646072388 1.0303685665130615
1.0229393243789673 1.0325831174850464
1.0341365337371826 1.0302784442901611
1.0268690586090088 1.0287237167358398
1.0231510400772095 1.0317219495773315
1.0208181142807007 1.0264091491699219
1.0177592039108276 1.0405519008636475
1.0221366882324219 1.02672278881073
1.02558434009552 1.0322258472442627
1.0214297771453857 1.0268737077713013
1.020305871963501 1.024256706237793
1.0160402059555054 1.030053734779358
1.0157774686813354 1.0272464752197266
1.0377910137176514 1.0549371242523193
1.0213693380355835 1.026077389717102
1.0205029249191284 1.035410761833191
1.0197545289993286 1.0309416055679321
1.0192347764968872 1.0330246686935425
1.0146855115890503 1.0321565866470337
1.0172263383865356 1.0331497192382812
1.0119885206222534 1.0446927547454834
1.0158737897872925 1.0334386825561523
1.0129034519195557 1.0398184061050415
1.0126099586486816 1.0311894416809082
1.0144551992416382 1.0407114028930664
1.015190601348877 1.0349701642990112
1.0112254619598389 1.0314325094223022
1.014561414718628 1.0289192199707031
1.0161303281784058 1.0374175310134888
1.0098748207092285 1.0306134223937988
1.0197834968566895 1.0291342735290527
1.0135245323181152 1.0371862649917603
1.0107234716415405 1.0309010744094849
1.0123004913330078 1.0366941690444946
1.0101805925369263 1.0248371362686157
1.0109355449676514 1.0286637544631958
1.0085885524749756 1.0215102434158325
1.0082716941833496 1.0272202491760254
1.0104176998138428 1.0272973775863647
1.0166453123092651 1.0216714143753052
1.0093916654586792 1.0236181020736694
1.0107994079589844 1.023883581161499
1.0119436979293823 1.0246168375015259
1.0091315507888794 1.0354934930801392
1.0118014812469482 1.0594077110290527
1.0156267881393433 1.0243409872055054
1.0190247297286987 1.0284504890441895
1.009631633758545 1.0258855819702148
1.0092896223068237 1.0291224718093872
1.0080091953277588 1.0402096509933472
1.0102801322937012 1.0263545513153076
1.0136208534240723 1.0375603437423706
1.0117815732955933 1.0265657901763916
1.0176053047180176 1.0271912813186646
1.0111539363861084 1.0243459939956665
1.0094181299209595 1.045108675956726
1.0090051889419556 1.0239765644073486
1.0079659223556519 1.0245832204818726
1.0092658996582031 1.0307505130767822
1.0157653093338013 1.0280641317367554
1.012564778327942 1.028286099433899
1.010188102722168 1.0234124660491943
1.0093437433242798 1.0270057916641235
1.0122932195663452 1.0278900861740112
1.0108295679092407 1.023038625717163
1.0075551271438599 1.0207937955856323
1.0069676637649536 1.0311377048492432
1.0063992738723755 1.0209143161773682
1.0062960386276245 1.0306063890457153
1.0152242183685303 1.034058928489685
1.0135042667388916 1.03452730178833
1.0084370374679565 1.0250211954116821
1.0145667791366577 1.0320457220077515
1.012068271636963 1.0306601524353027
1.0162067413330078 1.029477596282959
1.0142205953598022 1.0273501873016357
1.016728162765503 1.0374244451522827
1.0185002088546753 1.029188871383667
1.0153552293777466 1.0304274559020996
1.009725570678711 1.0236494541168213
1.0124847888946533 1.0292513370513916
1.0105737447738647 1.0537320375442505
1.010032057762146 1.0242525339126587
1.0063295364379883 1.0259546041488647
1.0093588829040527 1.0286762714385986
1.0101170539855957 1.033896565437317
1.0137823820114136 1.0301539897918701
1.0137214660644531 1.0292692184448242
1.0464378595352173 1.0328422784805298
1.0215727090835571 1.0480773448944092
1.0091798305511475 1.0327774286270142
1.0085657835006714 1.0319452285766602
1.0063986778259277 1.026540756225586
1.0130677223205566 1.0371613502502441
1.0144928693771362 1.020895004272461
1.0075916051864624 1.0210680961608887
1.0054404735565186 1.0325586795806885
1.0092346668243408 1.0284842252731323
1.0206339359283447 1.0230463743209839
1.0162066221237183 1.0364971160888672
1.0043045282363892 1.021515130996704
1.0073440074920654 1.0261552333831787
1.0072957277297974 1.0288015604019165
1.0110493898391724 1.0290300846099854
1.008145809173584 1.0273280143737793
1.0103349685668945 1.0232410430908203
1.0113794803619385 1.0250638723373413
1.0101836919784546 1.0316356420516968
1.010757327079773 1.0341602563858032
1.0047084093093872 1.015304684638977
1.020969033241272 1.0290043354034424
1.0160770416259766 1.0261259078979492
1.0045666694641113 1.0218924283981323
0.9866583347320557 0.9837361574172974
0.9779068827629089 0.9801916480064392
0.9676964282989502 0.9588366150856018
0.9566977024078369 0.9765197038650513
0.9728440046310425 1.0846675634384155
0.9825578927993774 0.9565961360931396
0.9588135480880737 0.9416022896766663
0.9452890157699585 0.9455577731132507
0.9373957514762878 0.9283251166343689
0.933999240398407 0.9376268982887268
0.943584680557251 0.9444494843482971
0.9550344347953796 0.964084804058075
0.974592387676239 0.9480944275856018
1.0208710432052612 1.0271154642105103
0.9917000532150269 0.9544736742973328
0.9404328465461731 0.9498163461685181
0.9400928020477295 0.939261794090271
0.9448201060295105 0.9504908919334412
0.9533993005752563 0.9743409752845764
0.9746653437614441 1.0234943628311157
1.029211401939392 1.0379743576049805
1.026619791984558 1.037843108177185
1.0221916437149048 1.0147149562835693
1.0009872913360596 0.9728778600692749
0.9572067260742188 0.9381474852561951
0.9413551688194275 0.9342929720878601
0.9322090148925781 0.9223271012306213
0.9155973196029663 0.9125422239303589
0.9230393767356873 0.9439311027526855
0.9185501933097839 0.9044156670570374
0.900492250919342 0.8879653811454773
0.8883780837059021 0.8654173612594604
0.8743982315063477 0.8644781708717346
0.8592499494552612 0.8180973529815674
0.8510720133781433 0.8336158394813538
0.833544909954071 0.7921324372291565
0.8217045068740845 0.7933183312416077
0.830044686794281 0.7875989079475403
0.8016518354415894 0.7526708841323853
0.7981401681900024 0.743070662021637
0.7969512939453125 0.7828747630119324
0.7752842307090759 0.7119892835617065
0.7682915329933167 0.7046109437942505
0.7919850945472717 0.7296371459960938
0.7653581500053406 0.7108394503593445
0.7560190558433533 0.7053002715110779
0.8142431974411011 0.827608585357666
0.7457115650177002 0.669791579246521
0.7395032644271851 0.7536174654960632
0.732016384601593 0.7188695073127747
0.7379976511001587 0.7026393413543701
0.7493059039115906 0.6932077407836914
0.750735342502594 0.699399471282959
0.7539547681808472 0.7061166167259216
0.7510660886764526 0.7128320336341858
0.8125514984130859 0.7641112208366394
0.985780656337738 0.8900545239448547
0.8485684990882874 0.7736272215843201
0.7957640290260315 0.7116199731826782
0.9555066227912903 1.0239381790161133
1.0274471044540405 1.0130352973937988
1.0103415250778198 1.0128982067108154
0.9700970649719238 0.8541862368583679
0.8237321972846985 0.8157323598861694
0.9425997734069824 1.0689916610717773
1.031339406967163 1.0150226354599
0.9301269054412842 0.802338182926178
0.8005241751670837 0.770358145236969
0.7958045601844788 0.7209192514419556
0.7974514961242676 0.9144080877304077
0.7864152789115906 0.6945376992225647
0.7715633511543274 0.795352041721344
0.7133818864822388 0.712943971157074
0.7009470462799072 0.7328899502754211
0.6887015700340271 0.663174033164978
0.7803032994270325 0.8189933896064758
0.6929106116294861 0.7202375531196594
0.6814535856246948 0.6755051016807556
0.6839184165000916 0.8188712000846863
0.6696292161941528 0.7941275835037231
0.8246327042579651 1.0058202743530273
0.9575966596603394 0.7385221123695374
0.8056219816207886 0.6508644223213196
0.6660391688346863 0.6306371688842773
0.7042356729507446 0.6845769286155701
0.6633765697479248 0.5955107808113098
0.6680135726928711 0.8446265459060669
0.994060754776001 0.995076596736908
0.9590426087379456 0.8862029910087585
0.8896310925483704 0.8089376091957092
0.8252330422401428 0.7913824319839478
0.8299558758735657 0.8283524513244629
1.0035611391067505 0.9797562956809998
0.9693929553031921 0.9193001985549927
1.1462827920913696 1.6862871646881104
1.3045343160629272 1.9753061532974243
1.158941626548767 1.4691308736801147
1.0527483224868774 0.9221934080123901
0.8668326735496521 0.8279744982719421
0.8882402777671814 0.9461053609848022
0.942057192325592 0.8857976198196411
0.9081844687461853 0.869581937789917
0.9249405264854431 0.9088073372840881
0.9541850090026855 0.9948233366012573
0.9059302806854248 0.8221845626831055
1.0146605968475342 0.9747804403305054
0.9721294641494751 0.9186941981315613
0.8982245326042175 0.8827104568481445
0.973329484462738 0.9433795213699341
0.9277638792991638 0.8598820567131042
0.8621336817741394 0.7871004939079285
0.8117173910140991 0.7497438192367554
0.7915666699409485 0.7610386610031128
0.841201901435852 0.8011662364006042
0.8497276902198792 0.8675147891044617
0.826764702796936 0.7644927501678467
0.8087511658668518 0.718911349773407
0.7798749804496765 0.6886358261108398
0.7746893763542175 0.7006006240844727
0.7744650840759277 0.6957718133926392
0.7415146827697754 0.6479805111885071
0.7163674831390381 0.6333470940589905
0.735105574131012 0.6329822540283203
0.7393962740898132 1.010274887084961
0.7282316088676453 0.6184108257293701
0.8563843965530396 0.772296130657196
0.6901742219924927 0.6949326992034912
0.6698995232582092 0.8752552270889282
0.7068824768066406 0.6498173475265503
0.678800642490387 0.5768147706985474
0.6472593545913696 0.6033633351325989
0.7094478607177734 0.6301462054252625
0.6584019064903259 0.6076647043228149
0.6360626220703125 0.6415801048278809
0.7136539816856384 0.6448065638542175
0.6599364280700684 0.6269609928131104
0.655547022819519 0.7150067090988159
0.6318121552467346 0.5694020390510559
0.7143979072570801 0.9177865386009216
0.9944034218788147 0.9308708906173706
0.850558876991272 0.6952409148216248
0.7680266499519348 0.6337679624557495
0.6479589343070984 0.6230717897415161
0.6648082733154297 0.6993878483772278
0.7832000255584717 0.6380132436752319
0.7497048377990723 0.8644829988479614
0.8667485117912292 1.0688135623931885
0.9306812286376953 0.7202037572860718
0.7595921754837036 0.7732036709785461
0.745191752910614 0.7654366493225098
0.6851032972335815 0.6767735481262207
0.6507373452186584 0.5675355792045593
0.6634976267814636 0.6611178517341614
0.8653169274330139 1.5258036851882935
0.933785617351532 0.9108720421791077
0.9440997242927551 0.904181182384491
0.9212107062339783 0.8444752097129822
0.9056082367897034 0.8952164649963379
0.8569451570510864 0.8033148050308228
0.8244538307189941 0.7904815077781677
0.8282176852226257 0.8114211559295654
0.8319222331047058 0.8702961206436157
0.8866919875144958 0.8358099460601807
0.8678732514381409 0.8121082186698914
0.8282583951950073 0.8018976449966431
0.8326417803764343 0.7691267728805542
0.8342283964157104 0.7776730060577393
0.8701655864715576 0.7935214042663574
0.8370041847229004 0.7982729077339172
0.8296006917953491 0.7626478672027588
0.826248288154602 0.7751290202140808
0.7838088870048523 0.7377485036849976
0.7718175053596497 0.7575861215591431
0.7790918350219727 0.7492826581001282
0.7702217698097229 0.8225316405296326
0.8819844126701355 0.8294955492019653
0.7900190949440002 0.8680990934371948
0.7852734923362732 0.7660847306251526
0.7679970860481262 0.7685021162033081
0.7720386385917664 0.8850039839744568
0.8860429525375366 0.8482741713523865
0.8198003768920898 0.9447703957557678
0.8604754209518433 0.7566769123077393
0.8081120848655701 0.7764507532119751
0.7630959153175354 0.6728359460830688
0.8347600698471069 0.9198694229125977
0.8416075110435486 0.7736910581588745
0.7372812032699585 0.7543932795524597
0.7429169416427612 0.7292639017105103
0.7677558064460754 0.8849331736564636
0.9713135957717896 0.9654459357261658
0.9518797993659973 0.9505211114883423
0.9278514981269836 0.916702151298523
0.9250008463859558 0.9368108510971069
0.9278542399406433 0.9280892610549927
0.9141806960105896 0.9234449863433838
0.9223673343658447 0.8980814218521118
0.9058558344841003 0.9001372456550598
0.8719901442527771 0.7822986245155334
0.7891435623168945 0.7673113346099854
0.8155049085617065 0.7346060276031494
0.844175398349762 1.0060992240905762
