0.7510061860084534 0.3015693426132202
0.3497408330440521 0.28333723545074463
0.29787400364875793 0.22122909128665924
0.272832453250885 0.3316337764263153
0.258291631937027 0.20909979939460754
0.24733425676822662 0.1864592581987381
0.23870199918746948 0.2851541042327881
0.23554250597953796 0.1938144415616989
0.22845645248889923 0.3014843761920929
0.22176748514175415 0.189550518989563
0.21565265953540802 0.17722482979297638
0.21154896914958954 0.23532520234584808
0.20825396478176117 0.22399190068244934
0.20505203306674957 0.1799296885728836
0.20326252281665802 0.1681947559118271
0.2087910920381546 0.1813262701034546
0.23355872929096222 0.1733563244342804
0.1970822662115097 0.16280747950077057
0.19472277164459229 0.2096952348947525
0.1938164234161377 0.1667426973581314
0.19141259789466858 0.17762428522109985
0.20145682990550995 0.17407909035682678
0.18941612541675568 0.1690952330827713
0.19012121856212616 0.16028624773025513
0.2037302553653717 0.1611240655183792
0.18539996445178986 0.1673693060874939
0.18430809676647186 0.16531799733638763
0.18349069356918335 0.16482225060462952
0.18651971220970154 0.1627560555934906
0.1827380657196045 0.2961575388908386
0.18118740618228912 0.16456878185272217
0.1799689531326294 0.1539941430091858
0.17993280291557312 0.15789680182933807
0.17853158712387085 0.17682261765003204
0.17858125269412994 0.15433016419410706
0.17720046639442444 0.1423884630203247
0.1764894276857376 0.14872317016124725
0.17609816789627075 0.1732519418001175
0.17930416762828827 0.2013694792985916
0.1743084341287613 0.16989129781723022
0.18256784975528717 0.252169132232666
0.17357824742794037 0.18556156754493713
0.17280948162078857 0.23512867093086243
0.1724812537431717 0.15584222972393036
0.17129027843475342 0.19667285680770874
0.17135514318943024 0.17466624081134796
0.16980041563510895 0.1761934608221054
0.171355739235878 0.17697972059249878
0.16925053298473358 0.16366617381572723
0.16961278021335602 0.15614140033721924
0.16968350112438202 0.18476101756095886
0.16994310915470123 0.14910103380680084
0.16855724155902863 0.17158877849578857
0.16863946616649628 0.15348808467388153
0.16809864342212677 0.20354144275188446
0.16687418520450592 0.15909768640995026
0.1663229614496231 0.17440557479858398
0.1658134162425995 0.20875583589076996
0.16669034957885742 0.15301388502120972
0.16585758328437805 0.16481155157089233
0.16469642519950867 0.1475222259759903
0.16644705832004547 0.1625642329454422
0.16521529853343964 0.18781377375125885
0.1656953990459442 0.1621510535478592
0.16631998121738434 0.14935517311096191
0.16443422436714172 0.14712893962860107
0.16287925839424133 0.24585501849651337
0.1636606752872467 0.15797747671604156
0.1625831127166748 0.1487462818622589
0.16358084976673126 0.14244772493839264
0.1620503067970276 0.14063744246959686
0.16238047182559967 0.1766248643398285
0.1617179960012436 0.15403427183628082
0.16115567088127136 0.1726359724998474
0.16154682636260986 0.15270686149597168
0.16109584271907806 0.14201942086219788
0.1608891636133194 0.18493445217609406
0.16045287251472473 0.16430343687534332
0.15989576280117035 0.28374236822128296
0.15883991122245789 0.1612590253353119
0.1603371500968933 0.13876265287399292
0.15941153466701508 0.17406906187534332
0.15969319641590118 0.16658128798007965
0.16364972293376923 0.1447335183620453
0.15883176028728485 0.14215025305747986
0.15921033918857574 0.18493995070457458
0.1589452475309372 0.1754589080810547
0.15964815020561218 0.17283260822296143
0.15871642529964447 0.1717895120382309
0.15745745599269867 0.1356842815876007
0.15791799128055573 0.2027493715286255
0.15733709931373596 0.13973547518253326
0.15714909136295319 0.13784414529800415
0.15645655989646912 0.1586487740278244
0.1567642092704773 0.1417204737663269
0.15585938096046448 0.15356406569480896
0.15748485922813416 0.194067120552063
0.15579849481582642 0.13744428753852844
0.15532706677913666 0.14043977856636047
0.15542280673980713 0.14188072085380554
0.15561456978321075 0.1762591004371643
0.15529374778270721 0.15066464245319366
0.1554388403892517 0.13502122461795807
0.15420317649841309 0.17521744966506958
0.15518836677074432 0.16830940544605255
0.15508629381656647 0.1336611956357956
0.15448755025863647 0.14876683056354523
0.15444576740264893 0.14052747189998627
0.15407241880893707 0.14223332703113556
0.15486913919448853 0.1914808750152588
0.15383516252040863 0.15639957785606384
0.1545938402414322 0.15008793771266937
0.15349707007408142 0.14047300815582275
0.15383006632328033 0.1360999196767807
0.1535278558731079 0.1486705243587494
0.15357279777526855 0.21719585359096527
0.1535668820142746 0.14356325566768646
0.15785656869411469 0.14501960575580597
0.15268106758594513 0.15747953951358795
0.15268409252166748 0.1716730147600174
0.1527760773897171 0.1508452147245407
0.1522703468799591 0.14394335448741913
0.15252867341041565 0.14567860960960388
0.15260784327983856 0.13862092792987823
0.1541077047586441 0.1596112996339798
0.1530519425868988 0.14529655873775482
0.15200872719287872 0.1459207981824875
0.1514444500207901 0.1592583954334259
0.15156520903110504 0.1499008983373642
0.15275870263576508 0.15042658150196075
0.15216244757175446 0.19171003997325897
0.15122577548027039 0.1489487588405609
0.15101532638072968 0.13413554430007935
0.1516214907169342 0.1451810598373413
0.15142124891281128 0.15562225878238678
0.1517089307308197 0.13967756927013397
0.1506752073764801 0.13902059197425842
0.14975795149803162 0.1346549093723297
0.15057271718978882 0.15019454061985016
0.1495472490787506 0.15686209499835968
0.14982832968235016 0.1530311554670334
0.1505906730890274 0.13847669959068298
0.14891698956489563 0.18659943342208862
0.14943113923072815 0.15834541618824005
0.15015023946762085 0.1339607834815979
0.15281037986278534 0.15399329364299774
0.14964064955711365 0.1552089899778366
0.14988994598388672 0.14126625657081604
0.14988428354263306 0.1523144692182541
0.1499832272529602 0.14269255101680756
0.14954236149787903 0.13514932990074158
0.14839588105678558 0.14340828359127045
0.14823323488235474 0.14462244510650635
0.14802199602127075 0.14111417531967163
0.14816971123218536 0.16151531040668488
0.14798951148986816 0.14056000113487244
0.1481914222240448 0.19260741770267487
0.14876729249954224 0.137444406747818
0.1473790854215622 0.1497209221124649
0.1476881355047226 0.13531552255153656
0.14699983596801758 0.15549764037132263
0.14708422124385834 0.1546040177345276
0.14730499684810638 0.1350310891866684
0.14779986441135406 0.1804153323173523
0.1483902782201767 0.1370391696691513
0.14680072665214539 0.13931015133857727
0.14701682329177856 0.14799124002456665
0.14680993556976318 0.16834676265716553
0.14719708263874054 0.1460251659154892
0.14752735197544098 0.1572115123271942
0.14711174368858337 0.1283649057149887
0.14925524592399597 0.15389788150787354
0.14725838601589203 0.15352314710617065
0.14615283906459808 0.1327017843723297
0.14670895040035248 0.14429211616516113
0.1466364711523056 0.20474974811077118
0.14611108601093292 0.14117951691150665
0.14580635726451874 0.14012131094932556
0.14525668323040009 0.14176303148269653
