1.475244164466858 1.155039668083191
1.2823960781097412 1.1714524030685425
1.3000706434249878 1.3213218450546265
1.359408974647522 1.337105631828308
1.3061269521713257 1.4107507467269897
1.2496099472045898 1.33256995677948
1.124545693397522 1.065675139427185
1.128590703010559 1.1376497745513916
1.0963152647018433 1.017757534980774
1.1124616861343384 1.0427937507629395
1.0881116390228271 1.0146106481552124
1.0644246339797974 1.0455228090286255
1.0589879751205444 1.0193490982055664
1.0519951581954956 1.0500363111495972
1.0513907670974731 1.0162763595581055
1.06255304813385 1.0631862878799438
1.0566169023513794 1.0105700492858887
1.0510977506637573 1.059767723083496
1.0498547554016113 1.05974280834198
1.0506534576416016 1.0366384983062744
1.0519369840621948 1.0203561782836914
1.0530474185943604 1.0412765741348267
1.0567495822906494 1.0350130796432495
1.052236795425415 1.0251805782318115
1.0576320886611938 1.0235120058059692
1.0543956756591797 1.0213770866394043
1.051817536354065 1.0217169523239136
1.0520718097686768 1.0789012908935547
1.054705262184143 1.0640716552734375
1.051661729812622 1.0180431604385376
1.0522910356521606 1.0430957078933716
1.060709834098816 1.046066164970398
1.0560321807861328 1.0518312454223633
1.0587705373764038 1.025696039199829
1.0544795989990234 1.0537697076797485
1.045941710472107 1.0511085987091064
1.0431478023529053 1.0263217687606812
1.0428400039672852 1.1115442514419556
1.0410690307617188 1.0309449434280396
1.039108157157898 1.0364302396774292
1.0384352207183838 1.0231205224990845
1.0392353534698486 1.0279828310012817
1.0396608114242554 1.025140404701233
1.0463603734970093 1.0397757291793823
1.04471755027771 1.060691475868225
1.0387431383132935 1.0263595581054688
1.039304256439209 1.0192841291427612
1.042670488357544 1.0515623092651367
1.0410467386245728 1.0325261354446411
1.0409034490585327 1.0333739519119263
1.0387020111083984 1.022682547569275
1.0410957336425781 1.0304977893829346
1.0417704582214355 1.0293543338775635
1.036767840385437 1.0386450290679932
1.0377596616744995 1.0271060466766357
1.0377860069274902 1.0396651029586792
1.0532478094100952 1.0275927782058716
1.0394244194030762 1.0261566638946533
1.033481240272522 1.0407609939575195
1.0424373149871826 1.0335838794708252
1.0374194383621216 1.0290193557739258
1.0398893356323242 1.0268399715423584
1.0454870462417603 1.0363805294036865
1.04103684425354 1.0497794151306152
1.0379858016967773 1.0455645322799683
1.0405904054641724 1.0323877334594727
1.0420210361480713 1.033012866973877
1.0367255210876465 1.0427743196487427
1.0362234115600586 1.0303953886032104
1.0478451251983643 1.0280086994171143
1.0416396856307983 1.043103575706482
1.0377520322799683 1.0320963859558105
1.0373042821884155 1.0306336879730225
1.0363385677337646 1.0404760837554932
1.037757158279419 1.038849949836731
1.0370378494262695 1.032783031463623
1.034471035003662 1.0280805826187134
1.0342251062393188 1.0353342294692993
1.0344607830047607 1.0295902490615845
1.033996820449829 1.0428996086120605
1.032475471496582 1.0351461172103882
1.032498836517334 1.0314743518829346
1.0328571796417236 1.034515142440796
1.034037470817566 1.0360631942749023
1.0332505702972412 1.0292072296142578
1.034673810005188 1.0325859785079956
1.0343692302703857 1.0335513353347778
1.0343191623687744 1.0294150114059448
1.0337270498275757 1.0297881364822388
1.0342687368392944 1.0343825817108154
1.0353915691375732 1.0264967679977417
1.034245252609253 1.0401930809020996
1.0348103046417236 1.0284068584442139
1.0338971614837646 1.0332597494125366
1.0335519313812256 1.0378491878509521
1.0329337120056152 1.028428316116333
1.0319762229919434 1.0350409746170044
1.0332369804382324 1.0441299676895142
1.0325125455856323 1.0318058729171753
1.033448576927185 1.046723484992981
1.0331597328186035 1.0310012102127075
1.033162236213684 1.0300772190093994
1.0331188440322876 1.0422664880752563
1.0320024490356445 1.030649185180664
1.030701756477356 1.04494309425354
1.0311062335968018 1.044179916381836
1.0313202142715454 1.0341382026672363
1.0314950942993164 1.0430954694747925
1.030655026435852 1.0306661128997803
1.0319936275482178 1.0283232927322388
1.0330915451049805 1.036415696144104
1.0452111959457397 1.0340044498443604
1.0446325540542603 1.0377066135406494
1.0440963506698608 1.0375025272369385
1.0331649780273438 1.0411744117736816
1.0304466485977173 1.029975414276123
1.030894160270691 1.0292950868606567
1.0325466394424438 1.029811978340149
1.0313522815704346 1.0279396772384644
1.0303785800933838 1.00538170337677
1.0357221364974976 1.0301827192306519
1.0336276292800903 1.0301358699798584
1.0417708158493042 1.036918044090271
1.0355080366134644 1.0299512147903442
1.0321855545043945 1.0317682027816772
1.0329358577728271 1.0396512746810913
1.0349382162094116 1.0391558408737183
1.0352027416229248 1.0472981929779053
1.0348820686340332 1.0358829498291016
1.032845139503479 1.0238120555877686
1.0330479145050049 1.031274676322937
1.031571865081787 1.0304678678512573
1.0311696529388428 1.040026307106018
1.0320888757705688 1.0425206422805786
1.031162142753601 1.0254403352737427
1.034088134765625 1.0327688455581665
1.0334126949310303 1.0295921564102173
1.033767580986023 1.0368295907974243
1.0376499891281128 1.036884069442749
1.0377823114395142 1.0353494882583618
1.0352641344070435 1.0310980081558228
1.037229061126709 1.0472545623779297
1.0393699407577515 1.042728066444397
1.042147159576416 1.0382317304611206
1.040633201599121 1.0524630546569824
1.0360139608383179 1.0452274084091187
1.035241961479187 1.0359021425247192
1.0329513549804688 1.0341899394989014
1.0338644981384277 1.031002402305603
1.032692551612854 1.0317637920379639
1.0328541994094849 1.0344386100769043
1.0307447910308838 1.0325566530227661
1.0296955108642578 1.0324139595031738
1.030617594718933 1.0307703018188477
1.028881549835205 1.0286839008331299
1.02890145778656 1.0328798294067383
1.029407262802124 1.0376858711242676
1.0294699668884277 1.02845299243927
1.0297006368637085 1.0341838598251343
1.0300719738006592 1.0295064449310303
1.0297353267669678 1.0311870574951172
1.0300219058990479 1.0465298891067505
1.0293266773223877 1.0313026905059814
1.0290807485580444 1.0384759902954102
1.0295747518539429 1.0389875173568726
1.0297802686691284 1.0298840999603271
1.0292880535125732 1.0362653732299805
1.0290746688842773 1.0337896347045898
1.0286206007003784 1.034626841545105
1.0281938314437866 1.0302457809448242
1.028834581375122 1.033411979675293
1.0326859951019287 1.035557746887207
1.0321754217147827 1.0316628217697144
1.0310903787612915 1.0357755422592163
1.0309646129608154 1.0302412509918213
1.0318777561187744 1.029276728630066
1.0318835973739624 1.0303033590316772
1.031182050704956 1.030835747718811
1.0310068130493164 1.0315184593200684
1.0309624671936035 1.0297695398330688
1.0302132368087769 1.0358695983886719
1.0282970666885376 1.045991063117981
1.0289382934570312 1.0294119119644165
1.028600811958313 1.0308889150619507
1.0289713144302368 1.031050443649292
1.0275322198867798 1.02845299243927
1.0286532640457153 1.028389573097229
1.0298621654510498 1.030299186706543
1.0283069610595703 1.030199646949768
1.0289039611816406 1.029822826385498
1.028376579284668 1.0294787883758545
1.028680443763733 1.0309816598892212
1.0284496545791626 1.0301860570907593
1.0283397436141968 1.0306674242019653
1.0286047458648682 1.0328022241592407
1.028070092201233 1.029355525970459
1.0280627012252808 1.0304588079452515
1.0301544666290283 1.0613436698913574
1.030443549156189 1.0314079523086548
1.0305216312408447 1.0288677215576172
1.0303997993469238 1.0291926860809326
1.0285897254943848 1.033495306968689
1.0297942161560059 1.0375096797943115
1.0297011137008667 1.0297261476516724
1.029449701309204 1.0390489101409912
1.0300707817077637 1.0295907258987427
1.0298902988433838 1.0348979234695435
1.0301713943481445 1.0319499969482422
1.029853105545044 1.0286500453948975
1.0289541482925415 1.0344583988189697
1.029915452003479 1.0380992889404297
1.0298194885253906 1.0456633567810059
1.0299841165542603 1.029373049736023
1.0301966667175293 1.0360161066055298
1.0299240350723267 1.029215693473816
1.0303865671157837 1.0278609991073608
1.0301326513290405 1.0292316675186157
1.0300685167312622 1.0282973051071167
1.0302700996398926 1.0281652212142944
1.0302473306655884 1.0289785861968994
1.0296106338500977 1.0306626558303833
1.0297164916992188 1.0320155620574951
1.029833197593689 1.030859351158142
1.0293195247650146 1.039268970489502
1.0297073125839233 1.0280004739761353
1.0297744274139404 1.0346217155456543
1.030557632446289 1.0325592756271362
1.030136227607727 1.0302085876464844
1.0297602415084839 1.0283068418502808
1.0299729108810425 1.0293973684310913
1.0301575660705566 1.0314606428146362
1.0301156044006348 1.033786654472351
1.029587745666504 1.0305218696594238
1.0299568176269531 1.0306168794631958
1.0296916961669922 1.0288970470428467
1.0292251110076904 1.0327670574188232
1.0298861265182495 1.0296295881271362
1.029205560684204 1.0350703001022339
1.0294643640518188 1.0340266227722168
1.0294371843338013 1.0303442478179932
1.0295463800430298 1.0337274074554443
1.029101014137268 1.0289193391799927
1.028457760810852 1.0367803573608398
1.0298343896865845 1.029518961906433
1.0336687564849854 1.0307601690292358
1.0344549417495728 1.036309838294983
1.032658338546753 1.0300055742263794
1.032385230064392 1.0360358953475952
1.028791069984436 1.0316227674484253
1.0291616916656494 1.035327434539795
1.0289827585220337 1.0348002910614014
1.0290271043777466 1.030126929283142
1.028972864151001 1.0347447395324707
1.0287089347839355 1.0300546884536743
1.0289477109909058 1.0304301977157593
1.0281568765640259 1.0283106565475464
1.029314398765564 1.0427534580230713
1.0283485651016235 1.0389255285263062
1.0290316343307495 1.039904236793518
1.029171109199524 1.0288749933242798
1.0292701721191406 1.0394207239151
1.0284875631332397 1.030614972114563
1.028982400894165 1.0304890871047974
1.0289087295532227 1.0382471084594727
1.0292949676513672 1.0308938026428223
1.0291430950164795 1.0361852645874023
1.0294349193572998 1.0350040197372437
1.0284759998321533 1.0290799140930176
1.0289196968078613 1.029354214668274
1.0285388231277466 1.0282458066940308
1.0284970998764038 1.0297505855560303
1.0292212963104248 1.0298248529434204
1.0292925834655762 1.0334246158599854
1.0290576219558716 1.0309914350509644
1.0288077592849731 1.0293039083480835
1.0291141271591187 1.0384682416915894
1.0287995338439941 1.0308303833007812
1.0288169384002686 1.0296907424926758
1.0282046794891357 1.0311180353164673
1.028631567955017 1.0371712446212769
1.0281795263290405 1.0295504331588745
1.0280622243881226 1.0280500650405884
1.0294861793518066 1.0297080278396606
1.0295435190200806 1.0304362773895264
1.028759479522705 1.0304441452026367
1.029498815536499 1.0333842039108276
1.0293062925338745 1.0289872884750366
1.029546856880188 1.0347535610198975
1.0292556285858154 1.0463281869888306
1.0292413234710693 1.030229926109314
1.0295547246932983 1.0289011001586914
1.0288177728652954 1.0318039655685425
1.0289669036865234 1.0348477363586426
1.0290000438690186 1.032737374305725
1.0289764404296875 1.0304514169692993
1.0287227630615234 1.0281178951263428
1.0282964706420898 1.0294588804244995
1.028670310974121 1.040440320968628
1.0287461280822754 1.029330849647522
1.030592441558838 1.0285553932189941
1.0305092334747314 1.0437262058258057
1.0314223766326904 1.0340226888656616
1.031212329864502 1.029566764831543
1.0314338207244873 1.0350309610366821
1.0330803394317627 1.0360935926437378
1.03241765499115 1.031040906906128
1.0322201251983643 1.0296845436096191
1.0302598476409912 1.0303624868392944
1.0312761068344116 1.03172767162323
1.0306627750396729 1.037129521369934
1.0306469202041626 1.0394070148468018
1.0306854248046875 1.0331114530563354
1.0313799381256104 1.0342977046966553
1.032865285873413 1.0299279689788818
1.0307786464691162 1.05244779586792
1.0318994522094727 1.030632495880127
1.030015230178833 1.0279754400253296
1.0299900770187378 1.0338420867919922
1.0301510095596313 1.0311155319213867
1.0321125984191895 1.0578609704971313
1.0304285287857056 1.0348620414733887
1.0300666093826294 1.0291332006454468
1.0301517248153687 1.0412050485610962
1.029226303100586 1.0432521104812622
1.0306377410888672 1.0312305688858032
1.0297496318817139 1.0329623222351074
1.0300390720367432 1.0310534238815308
1.0301988124847412 1.0400439500808716
1.0287264585494995 1.0399757623672485
1.032297134399414 1.0498661994934082
1.030195951461792 1.0343475341796875
1.0297805070877075 1.0331730842590332
1.0296072959899902 1.0324512720108032
1.0295106172561646 1.0297328233718872
1.0312440395355225 1.031092882156372
1.0307765007019043 1.0314202308654785
1.0433772802352905 1.0580869913101196
1.0370713472366333 1.049282193183899
1.0542336702346802 1.0354794263839722
1.050477385520935 1.0388528108596802
1.0444250106811523 1.0313817262649536
1.0408142805099487 1.0450514554977417
1.0372123718261719 1.0457707643508911
1.0407449007034302 1.0486364364624023
1.0376482009887695 1.0536938905715942
1.0321898460388184 1.0356453657150269
1.0305190086364746 1.030718445777893
1.0309770107269287 1.0306910276412964
1.0310282707214355 1.0303887128829956
1.0424760580062866 1.0312927961349487
1.0358277559280396 1.0389763116836548
1.0307183265686035 1.0304464101791382
1.0301008224487305 1.0399773120880127
1.0298583507537842 1.0321887731552124
1.0309969186782837 1.039698600769043
1.0304020643234253 1.0301958322525024
1.029659390449524 1.030305027961731
1.0295594930648804 1.0280729532241821
1.0289170742034912 1.0372059345245361
1.0293865203857422 1.0417633056640625
1.030692219734192 1.0288208723068237
1.0305070877075195 1.0319573879241943
1.029996395111084 1.0278617143630981
1.029684066772461 1.030151128768921
1.0301439762115479 1.0302534103393555
1.0293000936508179 1.0362684726715088
1.0284743309020996 1.0315589904785156
1.028680682182312 1.033813714981079
1.027835726737976 1.028537392616272
1.0292483568191528 1.0299487113952637
1.0302541255950928 1.0301532745361328
1.0297775268554688 1.0295592546463013
1.0297657251358032 1.0341787338256836
1.0291460752487183 1.0311459302902222
1.029988408088684 1.0398558378219604
1.0285711288452148 1.0286517143249512
1.0289522409439087 1.0375903844833374
1.0303144454956055 1.0392268896102905
1.0293947458267212 1.0295172929763794
1.0298415422439575 1.0315067768096924
1.0288028717041016 1.031990885734558
1.0307738780975342 1.0331697463989258
1.0338877439498901 1.0295274257659912
1.029632806777954 1.045317530632019
1.0422552824020386 1.0356366634368896
1.036200761795044 1.0633065700531006
1.0428028106689453 1.031050205230713
1.0392932891845703 1.0559269189834595
1.035993218421936 1.0329686403274536
1.0314240455627441 1.0317777395248413
1.03037691116333 1.0332262516021729
1.0299713611602783 1.041549563407898
1.031235933303833 1.028503656387329
1.0322753190994263 1.0401527881622314
1.0308433771133423 1.0338857173919678
1.0291424989700317 1.0300198793411255
1.0295238494873047 1.033116102218628
1.0295697450637817 1.028586745262146
1.028707504272461 1.031477451324463
1.0281257629394531 1.028590202331543
1.028670310974121 1.028802752494812
1.0293245315551758 1.0290133953094482
1.0293638706207275 1.0326029062271118
1.0298078060150146 1.03003990650177
1.0287480354309082 1.0310707092285156
1.0329370498657227 1.04561185836792
1.0399675369262695 1.0352357625961304
1.0329275131225586 1.0353137254714966
1.029176950454712 1.0304837226867676
1.0284786224365234 1.030534267425537
1.0280810594558716 1.0322189331054688
1.0282937288284302 1.0358115434646606
1.0279005765914917 1.0291883945465088
1.0294787883758545 1.035388708114624
1.0292344093322754 1.0313090085983276
1.0286110639572144 1.031467080116272
1.0278937816619873 1.0363494157791138
1.0294182300567627 1.0292953252792358
1.0416309833526611 1.0355135202407837
1.0468440055847168 1.0332508087158203
1.0315845012664795 1.033180594444275
1.0285965204238892 1.0324227809906006
1.0382660627365112 1.0350885391235352
1.042162537574768 1.0318663120269775
1.038818120956421 1.0355441570281982
1.0426896810531616 1.0403586626052856
1.0480737686157227 1.0397846698760986
1.0417516231536865 1.0357532501220703
1.0391316413879395 1.0403759479522705
1.037117838859558 1.0403348207473755
1.0348552465438843 1.033084511756897
1.035518765449524 1.052440881729126
1.0339056253433228 1.0432074069976807
1.0313140153884888 1.0469473600387573
1.0287009477615356 1.027669906616211
1.0285497903823853 1.0302062034606934
1.0311471223831177 1.0311299562454224
1.0308701992034912 1.0291591882705688
1.0325695276260376 1.0334460735321045
1.0332362651824951 1.0329830646514893
1.032766580581665 1.0324827432632446
1.032254934310913 1.0319896936416626
1.0327593088150024 1.0279057025909424
1.0322661399841309 1.0331417322158813
1.0318174362182617 1.0320144891738892
1.031605839729309 1.030896782875061
1.0317106246948242 1.0326859951019287
1.032208800315857 1.029195785522461
1.0311453342437744 1.031331181526184
1.030964970588684 1.0290859937667847
1.0308903455734253 1.0348113775253296
1.0285191535949707 1.0307942628860474
1.028335452079773 1.0312896966934204
1.0296430587768555 1.035252571105957
1.0298840999603271 1.030869722366333
1.028980016708374 1.0382184982299805
1.0347623825073242 1.0558940172195435
1.0493381023406982 1.0400069952011108
1.045698881149292 1.0453526973724365
1.0467462539672852 1.0388025045394897
1.0441787242889404 1.0475382804870605
1.0425289869308472 1.0371043682098389
1.0378808975219727 1.0445491075515747
1.0382109880447388 1.0324783325195312
1.0385289192199707 1.0399645566940308
1.0390489101409912 1.1184347867965698
1.037494421005249 1.0457899570465088
1.0358096361160278 1.0341808795928955
1.0345115661621094 1.0379167795181274
1.0335474014282227 1.0356940031051636
1.0330926179885864 1.029304027557373
1.0331029891967773 1.0321149826049805
1.0332355499267578 1.043038010597229
1.0326210260391235 1.037249207496643
1.0333764553070068 1.037329077720642
1.0336297750473022 1.0613749027252197
1.0356894731521606 1.0327249765396118
1.0343846082687378 1.0386595726013184
1.033477783203125 1.0361191034317017
1.0357105731964111 1.028454303741455
1.0338319540023804 1.0318214893341064
1.0326160192489624 1.036058783531189
1.0316115617752075 1.0312423706054688
1.034045934677124 1.0307236909866333
1.032157301902771 1.0324444770812988
1.0319186449050903 1.0315449237823486
1.0320321321487427 1.029645323753357
1.031666874885559 1.0280756950378418
1.0325440168380737 1.0308462381362915
1.0330697298049927 1.0295042991638184
1.0328071117401123 1.0366073846817017
1.0317810773849487 1.0302982330322266
1.0314003229141235 1.0293337106704712
1.032599925994873 1.0307294130325317
1.0335644483566284 1.0276362895965576
1.030564546585083 1.0583510398864746
1.0327237844467163 1.028276801109314
1.034419298171997 1.0425055027008057
1.0374305248260498 1.0383297204971313
1.033966302871704 1.0296714305877686
1.031900405883789 1.0289912223815918
1.0309385061264038 1.0387197732925415
1.029943585395813 1.0305297374725342
1.0304741859436035 1.032246470451355
1.0295668840408325 1.0352145433425903
1.031026005744934 1.029999017715454
1.030508279800415 1.0427969694137573
1.0318379402160645 1.0310333967208862
1.0299298763275146 1.032747745513916
1.0326581001281738 1.0412710905075073
1.0333529710769653 1.0372350215911865
1.0303022861480713 1.0396722555160522
1.0299628973007202 1.0312083959579468
1.031637191772461 1.032823920249939
1.0305027961730957 1.02875554561615
1.032050609588623 1.0393822193145752
1.0315486192703247 1.043655514717102
1.0300631523132324 1.0291059017181396
1.0289384126663208 1.0342140197753906
1.0299409627914429 1.0276989936828613
1.0291078090667725 1.041137456893921
1.0290025472640991 1.0515410900115967
1.0286204814910889 1.0296255350112915
1.0289649963378906 1.0315650701522827
1.0294398069381714 1.0330251455307007
1.0287829637527466 1.027451753616333
1.0310183763504028 1.0624139308929443
1.030295729637146 1.0293068885803223
1.0285086631774902 1.0280230045318604
1.029525637626648 1.0310006141662598
1.0331381559371948 1.0336315631866455
1.3295491933822632 1.4836941957473755
1.4758878946304321 1.47854483127594
1.4752479791641235 1.4791207313537598
1.4748607873916626 1.4798505306243896
1.4747248888015747 1.497312307357788
1.474564552307129 1.4810566902160645
1.4749138355255127 1.4785031080245972
1.474766731262207 1.4868135452270508
1.4748764038085938 1.4793541431427002
1.4744672775268555 1.478769302368164
1.4749953746795654 1.47848641872406
1.4746671915054321 1.482073187828064
1.4745527505874634 1.5211517810821533
1.475144624710083 1.4791662693023682
1.4741637706756592 1.4785248041152954
1.4747593402862549 1.479871153831482
1.4742882251739502 1.4829119443893433
1.4749654531478882 1.4831559658050537
1.4745285511016846 1.4802240133285522
1.4744153022766113 1.4796395301818848
1.474434494972229 1.479374885559082
1.4742263555526733 1.4784518480300903
1.4742225408554077 1.4793992042541504
1.4745750427246094 1.4795695543289185
1.474602222442627 1.4784021377563477
1.4735758304595947 1.4786909818649292
1.4742224216461182 1.4784215688705444
1.4738361835479736 1.4811848402023315
1.4733681678771973 1.4783904552459717
1.4745620489120483 1.4800114631652832
1.4736027717590332 1.4794455766677856
1.4742555618286133 1.4785023927688599
1.473978042602539 1.4784388542175293
1.4729024171829224 1.478725552558899
1.473710298538208 1.4783868789672852
1.4740101099014282 1.4793230295181274
1.4734965562820435 1.478424072265625
1.4737926721572876 1.4785966873168945
1.473394751548767 1.4811357259750366
1.4739818572998047 1.4802634716033936
1.4734892845153809 1.4802459478378296
1.4725366830825806 1.4836748838424683
1.4728730916976929 1.4813354015350342
1.4734209775924683 1.4808343648910522
1.4737173318862915 1.4806678295135498
1.473499059677124 1.4786522388458252
1.4732365608215332 1.4785608053207397
1.473519206047058 1.487281084060669
1.4735997915267944 1.4913111925125122
1.4735116958618164 1.478417158126831
1.472956895828247 1.4874422550201416
1.4735833406448364 1.482326626777649
1.4729822874069214 1.4785569906234741
1.4733092784881592 1.4892590045928955
1.47360098361969 1.4824674129486084
1.4730316400527954 1.4839016199111938
1.4729065895080566 1.478819727897644
1.473230004310608 1.4834239482879639
1.4735547304153442 1.485032320022583
1.4729695320129395 1.4801714420318604
1.4729759693145752 1.4792426824569702
1.4725686311721802 1.4784092903137207
1.473035454750061 1.4797860383987427
1.4728151559829712 1.478446364402771
1.3623309135437012 1.4831737279891968
1.2736176252365112 1.1012461185455322
1.1123698949813843 1.0481535196304321
1.107587456703186 1.038220763206482
1.1059057712554932 1.0691583156585693
1.1060657501220703 1.0451278686523438
1.1077139377593994 1.0333585739135742
1.106256127357483 1.034983515739441
1.1081538200378418 1.0365869998931885
1.1063603162765503 1.0306130647659302
1.1011772155761719 1.0442516803741455
1.1007758378982544 1.0368759632110596
1.1059681177139282 1.030463695526123
1.102668046951294 1.031488060951233
1.1053045988082886 1.033713698387146
1.105613112449646 1.0362871885299683
1.1043953895568848 1.0316805839538574
1.1043561697006226 1.0478407144546509
1.1070228815078735 1.0315061807632446
1.101777195930481 1.0299623012542725
1.1029624938964844 1.02755606174469
1.1018072366714478 1.0327614545822144
1.1017920970916748 1.027551293373108
1.1048756837844849 1.033911108970642
1.100656270980835 1.0423208475112915
1.1032551527023315 1.0455869436264038
1.0998750925064087 1.0378276109695435
1.102776050567627 1.0432378053665161
1.1012800931930542 1.032022476196289
1.1018009185791016 1.041054129600525
1.0999664068222046 1.0300387144088745
1.105921745300293 1.0354714393615723
1.105310082435608 1.0397942066192627
1.1007168292999268 1.0404305458068848
1.1029220819473267 1.028134822845459
1.1005796194076538 1.037061333656311
1.1065367460250854 1.0521880388259888
1.1041855812072754 1.0272674560546875
1.1022361516952515 1.034318208694458
1.1010854244232178 1.0446226596832275
1.104561448097229 1.0323131084442139
1.104500651359558 1.029811978340149
1.1039308309555054 1.0274370908737183
1.1040256023406982 1.0316996574401855
1.1006585359573364 1.0321906805038452
1.1053581237792969 1.035279393196106
1.1006748676300049 1.0400774478912354
1.1014375686645508 1.0326480865478516
1.1027833223342896 1.0320310592651367
1.1058928966522217 1.0291621685028076
1.102258324623108 1.0344737768173218
1.1002066135406494 1.0399844646453857
1.1017768383026123 1.02882981300354
1.1000075340270996 1.0322554111480713
1.1023123264312744 1.0321123600006104
1.1024775505065918 1.0283052921295166
1.1018942594528198 1.033645510673523
1.1023799180984497 1.0297678709030151
1.1003453731536865 1.0314007997512817
1.1010223627090454 1.02727210521698
1.1018015146255493 1.0312001705169678
1.101664662361145 1.0552250146865845
1.101820945739746 1.0353174209594727
1.1006219387054443 1.0297465324401855
1.1037850379943848 1.0327314138412476
1.1075621843338013 1.0529228448867798
1.105446219444275 1.0330134630203247
1.1013885736465454 1.0312625169754028
1.0996477603912354 1.0332057476043701
1.1006155014038086 1.0480109453201294
1.1061121225357056 1.0841425657272339
1.102937936782837 1.0333364009857178
1.100242018699646 1.0508055686950684
1.1026520729064941 1.0380756855010986
1.1060916185379028 1.0342881679534912
1.0982811450958252 1.0409750938415527
1.09884512424469 1.0329711437225342
1.1022231578826904 1.0341544151306152
1.1024811267852783 1.0367021560668945
1.1004596948623657 1.0333900451660156
1.1012158393859863 1.0360876321792603
1.1033177375793457 1.0345230102539062
1.100533127784729 1.0451165437698364
1.1033414602279663 1.0365761518478394
1.102586269378662 1.030531883239746
1.1046037673950195 1.0345877408981323
1.1014817953109741 1.0364279747009277
1.1014801263809204 1.0371367931365967
1.1003289222717285 1.071606159210205
1.1039175987243652 1.0319099426269531
1.1017833948135376 1.033321738243103
1.0991933345794678 1.0377618074417114
1.1025609970092773 1.0314861536026
1.1011656522750854 1.0347900390625
1.0990574359893799 1.029210090637207
1.100838303565979 1.0278891324996948
1.099972128868103 1.0295852422714233
1.0997520685195923 1.0475389957427979
1.1001427173614502 1.0539875030517578
1.10077702999115 1.0338925123214722
1.1021051406860352 1.0309053659439087
1.1050035953521729 1.033707618713379
1.1005767583847046 1.032910943031311
1.100725531578064 1.0354104042053223
1.0998367071151733 1.0301483869552612
1.099784255027771 1.0355271100997925
1.1039096117019653 1.0319310426712036
1.0999470949172974 1.0339804887771606
1.1017327308654785 1.035253643989563
1.0999748706817627 1.0444135665893555
1.0990222692489624 1.0377415418624878
1.1010998487472534 1.0391874313354492
1.103562831878662 1.0398777723312378
1.0959324836730957 1.0286502838134766
1.1033751964569092 1.0331745147705078
1.1001044511795044 1.036202311515808
1.1026225090026855 1.029500961303711
1.1003313064575195 1.0374494791030884
1.1013007164001465 1.033691167831421
1.1030921936035156 1.03261399269104
1.105675220489502 1.0334744453430176
1.101890206336975 1.0292304754257202
1.0973373651504517 1.0373562574386597
1.0992056131362915 1.0494848489761353
1.099862813949585 1.0378323793411255
1.1003061532974243 1.0331450700759888
1.1035476922988892 1.0371142625808716
1.1035734415054321 1.0323833227157593
1.1022578477859497 1.0497369766235352
1.1001293659210205 1.040158987045288
1.0990171432495117 1.0313984155654907
1.1027687788009644 1.0309181213378906
1.1023379564285278 1.028883934020996
1.099360466003418 1.034546971321106
1.1005187034606934 1.0325329303741455
1.0973644256591797 1.038696050643921
1.1008143424987793 1.0361374616622925
1.0984684228897095 1.0323036909103394
1.1001232862472534 1.0340054035186768
1.1022727489471436 1.0289875268936157
1.0982866287231445 1.034407377243042
1.095482349395752 1.0276240110397339
1.099535584449768 1.034867763519287
1.1000794172286987 1.0376967191696167
1.1022189855575562 1.0300030708312988
1.0698248147964478 1.0321003198623657
1.0319839715957642 1.0280369520187378
1.0318926572799683 1.0314677953720093
1.0358185768127441 1.0362677574157715
1.0354804992675781 1.0270220041275024
1.0352646112442017 1.0283766984939575
1.04023015499115 1.0342620611190796
1.0871905088424683 1.0530716180801392
1.1011916399002075 1.029687762260437
1.1021875143051147 1.0353211164474487
1.1015715599060059 1.0356976985931396
1.1002516746520996 1.0347663164138794
1.060500144958496 1.036167860031128
1.034783124923706 1.0266839265823364
1.0357813835144043 1.0272190570831299
1.0349094867706299 1.0411438941955566
1.031765341758728 1.0368921756744385
1.0295952558517456 1.0266751050949097
1.028102993965149 1.0269216299057007
1.0282481908798218 1.0306791067123413
1.0277609825134277 1.0319299697875977
1.0275328159332275 1.0275607109069824
1.0282179117202759 1.0329073667526245
1.0277725458145142 1.0269423723220825
1.02744460105896 1.0281554460525513
1.0273923873901367 1.031984567642212
1.027940034866333 1.027491807937622
1.0278198719024658 1.0272003412246704
1.0277234315872192 1.0286448001861572
1.027775764465332 1.0401580333709717
1.0279855728149414 1.0270246267318726
1.0276368856430054 1.0266088247299194
1.0275777578353882 1.0291026830673218
1.027762770652771 1.0298264026641846
1.02817702293396 1.0263291597366333
1.0277096033096313 1.028538465499878
1.0279353857040405 1.0294160842895508
1.0278599262237549 1.0358747243881226
1.0282423496246338 1.0294859409332275
1.0278481245040894 1.0274004936218262
1.0277013778686523 1.02851140499115
1.0270171165466309 1.033785343170166
1.0282588005065918 1.0269269943237305
1.0281327962875366 1.0270920991897583
1.0276345014572144 1.029846429824829
1.0276765823364258 1.0396384000778198
1.027660846710205 1.0325863361358643
1.027904748916626 1.0269614458084106
1.0277920961380005 1.0265387296676636
1.0272834300994873 1.0306975841522217
1.0269674062728882 1.0289711952209473
1.0276093482971191 1.028090238571167
1.028088092803955 1.0279163122177124
1.027857780456543 1.0274784564971924
1.0274521112442017 1.0262455940246582
1.0279004573822021 1.0273768901824951
1.0278137922286987 1.0349096059799194
1.0277221202850342 1.026745080947876
1.0273886919021606 1.0277436971664429
1.0312598943710327 1.0264654159545898
