2.1814768314361572 1.2715542316436768
1.1973944902420044 1.1874115467071533
1.2795681953430176 1.0566848516464233
1.0958019495010376 1.0442004203796387
1.0826492309570312 1.0852004289627075
1.071584701538086 1.033686876296997
1.0651406049728394 1.0600403547286987
1.0575348138809204 1.0966477394104004
1.0679007768630981 1.1134891510009766
1.069257140159607 1.1051890850067139
1.0455363988876343 1.0616824626922607
1.05031418800354 1.1413565874099731
1.0521138906478882 1.050446629524231
1.04806649684906 617.3192138671875
1.0489730834960938 1.0319061279296875
1.046763300895691 1.050679326057434
1.0431129932403564 1.0855560302734375
1.0438657999038696 1.0329110622406006
1.043886423110962 1.0643162727355957
1.051934003829956 1.0449509620666504
1.0424389839172363 1.0249990224838257
1.0492175817489624 1.0296438932418823
1.052701473236084 1.1467869281768799
1.0550494194030762 1.1152993440628052
1.0470225811004639 1.033449649810791
1.0551666021347046 1.0416282415390015
1.0551923513412476 1.0265506505966187
1.0479639768600464 1.0439974069595337
1.0496904850006104 1.0430173873901367
1.0416799783706665 1.0791805982589722
1.044471263885498 1.0350602865219116
1.050943374633789 1.094767451286316
1.075551152229309 1.0387277603149414
1.0408059358596802 1.0530495643615723
1.068027138710022 15.38817310333252
1.0470682382583618 1.029605507850647
1.0448510646820068 1.1187328100204468
1.0418554544448853 1.0844086408615112
1.0429534912109375 1.0285604000091553
1.0409175157546997 1.0794464349746704
1.0382517576217651 1.0398353338241577
1.0450992584228516 1.024800181388855
1.040527105331421 1.023677110671997
1.041512131690979 1.0313159227371216
1.0420804023742676 1.0496901273727417
1.0371090173721313 1.0457693338394165
1.039974331855774 1.0357807874679565
1.055315613746643 1.033437728881836
1.0449376106262207 1.0213934183120728
1.04704749584198 1.037401795387268
1.0461567640304565 1.032880187034607
1.0414986610412598 1.0933153629302979
1.0419694185256958 1.0374218225479126
1.0545265674591064 1.036003828048706
1.044751524925232 1.0213619470596313
1.042258381843567 1.0423812866210938
1.0406219959259033 1.0743995904922485
1.040593147277832 1.0334404706954956
1.0440186262130737 1.0236259698867798
1.0559579133987427 1.0719506740570068
1.0368858575820923 1.025803804397583
1.0636992454528809 1.1071196794509888
1.0499731302261353 1.027197003364563
1.0426684617996216 1.1287916898727417
1.0403367280960083 1.1937023401260376
1.0392646789550781 1.129833698272705
1.133596420288086 1.026326060295105
1.0491821765899658 1.0405685901641846
1.0339395999908447 1.0484321117401123
1.0391960144042969 1.0316816568374634
1.034997582435608 1.056911826133728
1.035736083984375 1.0419490337371826
1.0359948873519897 1.0277878046035767
1.03136146068573 1.0260365009307861
1.0410956144332886 1.2463151216506958
1.0372004508972168 1.0241683721542358
1.032657504081726 1.100178599357605
1.042993426322937 1.0354230403900146
1.0360066890716553 1.0288913249969482
1.04607355594635 1.085788369178772
1.038245439529419 1.0217832326889038
1.0402501821517944 1.0460816621780396
1.0399452447891235 1.1856709718704224
1.03103768825531 1.0323721170425415
1.0407178401947021 1.027785301208496
1.0329887866973877 1.0282167196273804
1.0411343574523926 1.061322808265686
1.041206955909729 1.0917847156524658
1.0436444282531738 1.0307179689407349
1.0460631847381592 1.0889556407928467
1.0349500179290771 1.0400415658950806
1.0403231382369995 1.123339056968689
1.0522043704986572 1.0270658731460571
1.041832685470581 1.0469884872436523
1.0737732648849487 1.1003767251968384
1.0489252805709839 1.0849043130874634
1.06057608127594 1.0406256914138794
1.0411555767059326 1.0282931327819824
1.0417720079421997 1.0345985889434814
1.042946696281433 1.0330191850662231
1.040554404258728 1.0410665273666382
1.0360866785049438 1.0297114849090576
1.0359909534454346 1.0474296808242798
1.0675162076950073 1.0872303247451782
1.0414302349090576 1.0275315046310425
